Actual Shares,Predicted Shares
1200,1200.0
711,711.0
843,843.0
3400,3400.0
3400,3400.0
1400,1400.0
1700,1700.0
593,592.99
3100,3100.0
999,998.99
87000,86201.0
1800,1800.0
801,801.0
1200,1200.0
9600,9600.0
3300,3300.0
1000,1000.0
1300,1300.0
1100,1100.0
1100,1100.0
2600,2600.0
2000,2000.0
1400,1400.0
2300,2300.0
976,976.0
1100,1100.0
4400,4400.0
871,871.0
527,526.99
3600,3600.0
1600,1600.0
19300,19293.0
506,505.94
1300,1300.0
1000,1000.0
687,686.99
674,674.0
442,441.41
825,825.0
1900,1900.0
1600,1600.0
3500,3500.0
739,739.0
872,872.0
758,757.99
831,830.99
1000,1000.0
1800,1800.0
725,725.0
1400,1400.0
2800,2800.0
912,912.0
10600,10600.0
11700,11700.0
11600,11599.0
17100,17098.0
1900,1900.0
614,614.03
1200,1200.0
970,970.0
3000,3000.0
37700,37826.0
1100,1100.0
984,984.0
1700,1700.0
7900,7900.0
1500,1500.0
4100,4100.0
1000,1000.0
1600,1600.0
3300,3300.0
4800,4800.0
875,875.0
1500,1500.0
1600,1600.0
821,821.0
1900,1900.0
1200,1200.0
519,519.14
14000,14000.0
2200,2200.0
944,944.0
2700,2700.0
509,508.81
1500,1500.0
5500,5500.0
3600,3600.0
1000,1000.0
2700,2700.0
1000,1000.0
1100,1100.0
3500,3500.0
1300,1300.0
5200,5200.0
4000,4000.0
6700,6700.0
792,792.0
1300,1300.0
1300,1300.0
575,574.99
968,968.0
1100,1100.0
495,494.96
1200,1200.0
6800,6800.0
1600,1600.0
2600,2600.0
2200,2200.0
2700,2700.0
508,508.0
10900,10900.0
86,86.0
1600,1600.0
1000,1000.0
1200,1200.0
1600,1600.0
1300,1300.0
1500,1500.0
853,853.0
15200,15199.0
1000,1000.0
641,641.0
2200,2200.0
2300,2300.0
681,681.0
2000,2000.0
870,870.0
868,868.0
816,816.0
10700,10700.0
824,824.0
863,863.0
1800,1800.0
1200,1200.0
1900,1900.0
2300,2300.0
989,989.0
3500,3500.0
731,731.0
539,539.04
3000,3000.0
983,983.0
678,678.0
824,824.0
12100,12096.0
2200,2200.0
770,769.99
4400,4400.0
1200,1200.0
1100,1100.0
2100,2100.0
2100,2100.0
1800,1800.0
1400,1400.0
2700,2700.0
1600,1600.0
657,657.0
3000,3000.0
1200,1200.0
1100,1100.0
2600,2600.0
4300,4300.0
878,878.0
682,682.0
7800,7800.0
775,775.0
735,735.0
1700,1700.0
1100,1100.0
840,839.99
1300,1300.0
1900,1900.0
2900,2900.0
2100,2100.0
1700,1700.0
2900,2900.0
998,998.0
1300,1300.0
2100,2100.0
2000,2000.0
1500,1500.0
2200,2200.0
2500,2500.0
3300,3300.0
162,163.6
1500,1500.0
974,974.0
908,908.0
4200,4200.0
1100,1100.0
12500,12502.0
2000,2000.0
1900,1900.0
2700,2700.0
4400,4400.0
2000,2000.0
19000,18965.0
1200,1200.0
2300,2300.0
867,867.0
1100,1100.0
878,878.0
2100,2100.0
2900,2900.0
3000,3000.0
1600,1600.0
708,708.0
730,730.0
1100,1100.0
3500,3500.0
1600,1600.0
1400,1400.0
1200,1200.0
945,945.0
1400,1400.0
6300,6300.0
3300,3300.0
943,943.01
1400,1400.0
1400,1400.0
1200,1200.0
1700,1700.0
1700,1700.0
667,667.02
42,42.8
1700,1700.0
8200,8200.0
4600,4600.0
4100,4100.0
1500,1500.0
9000,9000.0
1100,1100.0
4000,4000.0
6300,6300.0
749,749.0
9200,9200.0
960,960.0
1200,1200.0
1200,1200.0
798,798.0
863,863.0
939,939.0
1800,1800.0
1300,1300.0
1000,1000.0
970,970.0
1200,1200.0
752,752.0
4300,4300.0
1400,1400.0
1500,1500.0
1100,1100.0
1200,1200.0
924,924.0
726,726.0
1400,1400.0
868,868.0
1600,1600.0
2900,2900.0
977,977.0
414,413.64
1200,1200.0
716,716.0
398,397.79
2200,2200.0
1100,1100.0
978,977.99
529,529.0
1600,1600.0
892,892.0
1800,1800.0
5500,5500.0
1000,1000.0
972,972.0
3700,3700.0
1600,1600.0
1600,1600.0
14200,14201.0
3100,3100.0
1100,1100.0
47100,47218.0
1700,1700.0
890,890.0
790,790.0
977,977.0
633,633.0
1900,1900.0
941,941.0
5700,5700.0
923,923.0
2900,2900.0
1200,1200.0
701,701.0
996,996.0
1500,1500.0
728,728.0
1000,1000.0
3000,3000.0
10200,10200.0
1600,1600.0
1500,1500.0
1700,1700.0
1700,1700.0
1300,1300.0
1200,1200.0
821,821.0
5000,5000.0
96500,96079.0
1500,1500.0
1100,1100.0
3100,3100.0
735,735.0
1100,1100.0
2200,2200.0
1200,1200.0
4700,4700.0
495,495.0
850,850.0
5700,5700.0
1700,1700.0
4000,4000.0
1500,1500.0
2800,2800.0
1900,1900.0
775,775.0
4800,4800.0
1100,1100.0
1100,1100.0
586,585.95
366,366.29
104,99.08
1700,1700.0
972,972.0
990,990.0
1700,1700.0
528,528.0
1900,1900.0
1200,1200.0
1100,1100.0
827,827.0
3100,3100.0
723,723.0
9500,9500.0
22800,22798.0
2000,2000.0
420,420.07
1500,1500.0
825,825.0
701,701.0
3800,3800.0
2500,2500.0
2900,2900.0
498,498.03
970,970.0
3900,3900.0
1200,1200.0
767,767.0
3000,3000.0
16200,16199.0
3500,3500.0
1200,1200.0
851,851.0
959,959.0
12500,12500.0
546,546.05
1100,1100.0
3400,3400.0
428,427.41
664,664.0
1600,1600.0
909,909.0
878,878.0
2200,2200.0
622,622.0
3300,3300.0
1200,1200.0
1600,1600.0
505,504.75
749,749.0
642,642.01
5400,5400.0
2600,2600.0
3200,3200.0
936,936.0
1500,1500.0
1800,1800.0
1300,1300.0
4200,4200.0
796,796.0
778,778.0
630,629.99
2800,2800.0
654,654.0
815,815.0
1100,1100.0
1000,1000.0
1100,1100.0
2000,2000.0
2400,2400.0
2400,2400.0
400,399.98
699,699.0
756,756.0
690,690.0
2100,2100.0
805,805.0
1400,1400.0
1000,1000.0
633,633.0
566,566.01
1200,1200.0
1000,1000.0
913,913.0
1800,1800.0
1200,1200.0
942,942.0
4800,4800.0
805,805.0
889,889.0
2600,2600.0
2500,2500.0
2500,2500.0
18800,18802.0
1700,1700.0
789,789.0
1400,1400.0
429,429.18
1800,1800.0
1100,1100.0
1100,1100.0
816,816.0
924,924.0
3200,3200.0
1200,1200.0
1200,1200.0
761,761.01
471,471.11
2800,2800.0
30400,30354.0
1800,1800.0
731,731.0
643,642.99
1100,1100.0
1000,1000.0
4600,4600.0
1900,1900.0
1300,1300.0
8300,8300.0
2100,2100.0
996,996.0
1500,1500.0
924,924.0
856,856.0
11500,11500.0
1100,1100.0
2800,2800.0
158,158.49
3800,3800.0
1500,1500.0
2400,2400.0
1500,1500.0
645,645.0
3400,3400.0
3000,3000.0
1900,1900.0
1300,1300.0
4900,4900.0
2200,2200.0
1800,1800.0
2100,2100.0
1200,1200.0
1900,1900.0
3100,3100.0
1100,1100.0
767,767.0
2100,2100.0
658,658.0
3900,3900.0
667,667.0
1100,1100.0
1100,1100.0
1100,1100.0
527,526.97
1300,1300.0
1200,1200.0
1200,1200.0
7700,7700.0
82,80.34
781,781.0
3100,3100.0
2400,2400.0
971,971.0
915,915.0
1500,1500.0
7100,7100.0
1700,1700.0
716,716.0
1300,1300.0
874,874.0
1000,1000.0
18300,18304.0
1200,1200.0
855,855.0
799,799.0
6500,6500.0
3400,3400.0
564,564.0
1700,1700.0
1000,1000.0
4500,4500.0
5600,5600.0
20100,20131.0
4600,4600.0
12900,12900.0
1900,1900.0
32600,32487.85
850,850.0
1000,1000.0
1100,1100.0
8000,8000.0
1100,1100.0
589,589.0
39300,39280.0
2100,2100.0
35100,35179.0
918,918.0
5900,5900.0
965,965.0
1200,1200.0
1500,1500.0
545,545.03
645,645.0
1000,1000.0
4400,4400.0
1300,1300.0
2300,2300.0
1500,1500.0
1500,1500.0
726,726.0
1400,1400.0
1200,1200.0
2100,2100.0
934,934.0
1200,1200.0
761,761.0
722,722.0
569,569.02
1400,1400.0
3400,3400.0
951,951.0
2100,2100.0
1400,1400.0
15700,15703.0
356,357.33
562,561.97
1600,1600.0
694,694.0
9800,9800.0
1400,1400.0
840,839.99
530,529.98
1300,1300.0
10700,10700.0
1400,1400.0
2100,2100.0
1900,1900.0
10300,10300.0
1400,1400.0
993,993.0
5500,5500.0
3800,3800.0
599,599.06
13300,13294.0
2500,2500.0
472,471.93
3300,3300.0
425,425.25
8700,8700.0
3400,3400.0
9800,9800.0
3000,3000.0
2500,2500.0
168,165.87
1300,1300.0
10100,10100.0
1600,1600.0
1600,1600.0
2000,2000.0
1500,1500.0
5300,5300.0
1300,1300.0
2000,2000.0
2100,2100.0
1100,1100.0
1600,1600.0
2700,2700.0
3100,3100.0
1600,1600.0
731,731.0
3400,3400.0
1400,1400.0
294,293.53
992,992.0
2300,2300.0
1700,1700.0
965,965.0
6500,6500.0
2300,2300.0
778,778.0
4300,4300.0
1100,1100.0
2000,2000.0
3700,3700.0
11400,11400.0
1400,1400.0
1300,1300.0
943,943.01
1300,1300.0
891,891.0
4000,4000.0
1200,1200.0
2800,2800.0
5100,5100.0
2400,2400.0
1300,1300.0
412,411.88
939,939.0
9500,9500.0
600,600.03
1200,1200.0
2100,2100.0
951,951.0
3000,3000.0
3800,3800.0
7200,7200.0
1400,1400.0
1200,1200.0
556,556.08
863,863.0
592,592.04
3000,3000.0
1300,1300.0
3600,3600.0
537,536.95
1600,1600.0
2000,2000.0
889,889.0
6800,6800.0
9900,9900.0
2400,2400.0
2400,2400.0
1100,1100.0
1300,1300.0
1600,1600.0
743,743.0
2200,2200.0
3500,3500.0
730,730.0
653,652.99
4200,4200.0
2500,2500.0
3400,3400.0
1100,1100.0
911,911.0
6200,6200.0
2000,2000.0
3200,3200.0
1400,1400.0
600,600.11
2500,2500.0
9800,9800.0
2200,2200.0
4700,4700.0
1200,1200.0
3000,3000.0
1400,1400.0
1300,1300.0
2100,2100.0
811,811.0
700,700.0
56900,56780.0
3000,3000.0
1800,1800.0
607,607.02
1700,1700.0
1300,1300.0
2100,2100.0
8500,8500.0
1100,1100.0
10500,10500.0
1100,1100.0
824,824.0
1100,1100.0
1000,1000.0
1800,1800.0
919,919.0
408,407.7
967,967.0
8500,8500.0
1700,1700.0
1200,1200.0
803,803.01
2100,2100.0
992,992.0
924,924.0
1200,1200.0
23500,23543.0
775,775.0
918,918.0
507,506.99
976,976.0
1300,1300.0
1400,1400.0
1000,1000.0
870,870.0
877,877.0
1600,1600.0
2500,2500.0
706,706.0
771,771.0
645,644.99
1100,1100.0
981,981.0
708,708.0
857,857.0
1300,1300.0
1800,1800.0
944,944.0
1500,1500.0
1300,1300.0
859,859.0
2000,2000.0
851,851.0
1300,1300.0
638,637.99
622,622.01
2000,2000.0
935,935.0
772,772.01
1200,1200.0
707,707.0
2200,2200.0
1500,1500.0
2200,2200.0
1800,1800.0
1400,1400.0
640,640.0
575,574.97
7800,7800.0
438,438.03
1100,1100.0
797,797.0
1200,1200.0
1100,1100.0
6200,6200.0
974,974.0
1100,1100.0
634,634.0
832,832.0
524,523.85
1200,1200.0
1200,1200.0
598,598.01
12500,12504.0
7500,7500.0
1000,1000.0
2400,2400.0
1400,1400.0
1400,1400.0
778,778.0
4100,4100.0
28300,28228.0
1100,1100.0
1200,1200.0
2100,2100.0
756,756.0
917,917.0
334,334.98
1900,1900.0
1300,1300.0
1100,1100.0
2200,2200.0
26400,26403.0
1700,1700.0
1100,1100.0
1400,1400.0
1600,1600.0
872,872.0
1600,1600.0
823,823.0
1600,1600.0
1500,1500.0
2900,2900.0
1500,1500.0
1100,1100.0
1400,1400.0
10900,10900.0
799,799.0
2100,2100.0
1100,1100.0
1600,1600.0
1500,1500.0
3500,3500.0
1100,1100.0
1000,1000.0
1900,1900.0
1200,1200.0
7400,7400.0
715,714.99
917,917.0
3200,3200.0
630,630.0
985,985.0
1200,1200.0
861,861.0
2700,2700.0
4500,4500.0
2600,2600.0
2200,2200.0
4500,4500.0
133700,140080.0
4700,4700.0
2600,2600.0
6200,6200.0
626,626.0
1900,1900.0
1600,1600.0
1600,1600.0
974,974.0
1100,1100.0
1500,1500.0
4900,4900.0
9600,9600.0
497,496.96
1200,1200.0
2000,2000.0
2200,2200.0
1100,1100.0
859,859.0
1300,1300.0
1200,1200.0
1000,1000.0
2900,2900.0
9300,9300.0
7700,7700.0
4200,4200.0
1100,1100.0
4300,4300.0
1600,1600.0
3400,3400.0
892,892.0
15500,15491.0
1200,1200.0
1600,1600.0
2600,2600.0
864,864.0
1000,1000.0
721,721.0
1500,1500.0
1100,1100.0
3100,3100.0
27700,27696.0
8000,8000.0
2500,2500.0
2200,2200.0
1500,1500.0
3900,3900.0
1600,1600.0
982,981.99
1600,1600.0
2800,2800.0
3200,3200.0
2000,2000.0
1700,1700.0
2900,2900.0
2700,2700.0
256,256.99
1100,1100.0
3700,3700.0
2200,2200.0
1200,1200.0
1800,1800.0
856,856.0
930,930.0
1300,1300.0
991,991.0
1600,1600.0
1200,1200.0
2800,2800.0
740,740.0
1400,1400.0
56,57.71
1600,1600.0
1100,1100.0
9200,9200.0
3000,3000.0
1500,1500.0
1200,1200.0
1700,1700.0
1300,1300.0
5900,5900.0
1200,1200.0
1300,1300.0
1000,1000.0
2300,2300.0
1200,1200.0
934,934.0
1500,1500.0
1400,1400.0
1300,1300.0
3200,3200.0
15800,15811.0
799,799.0
70200,70263.99
10300,10300.0
778,778.0
7500,7500.0
4900,4900.0
744,744.0
885,885.0
1400,1400.0
623,623.0
2800,2800.0
2200,2200.0
828,828.0
1200,1200.0
1700,1700.0
655,655.0
1600,1600.0
802,802.0
1200,1200.0
1300,1300.0
827,827.0
704,704.0
3700,3700.0
916,916.0
1300,1300.0
446,445.85
1200,1200.0
4300,4300.0
980,980.0
1600,1600.0
987,987.0
919,919.0
3300,3300.0
2400,2400.0
3500,3500.0
18300,18300.0
982,981.99
923,923.0
21700,21687.0
1700,1700.0
956,956.0
1400,1400.0
6500,6500.0
1300,1300.0
4800,4800.0
777,777.0
1900,1900.0
1300,1300.0
1800,1800.0
850,850.0
980,980.0
1400,1400.0
506,505.87
10300,10300.0
555,555.01
579,579.01
1400,1400.0
760,760.0
5100,5100.0
2100,2100.0
1800,1800.0
23000,23008.0
983,983.0
642,642.0
1300,1300.0
777,777.0
960,960.0
1100,1100.0
1500,1500.0
1200,1200.0
933,933.0
1800,1800.0
927,927.0
1200,1200.0
1300,1300.0
4000,4000.0
1600,1600.0
1800,1800.0
4200,4200.0
1400,1400.0
1700,1700.0
2100,2100.0
1400,1400.0
1700,1700.0
2300,2300.0
736,736.0
950,950.0
1800,1800.0
2500,2500.0
565,564.97
9000,9000.0
1900,1900.0
4200,4200.0
2600,2600.0
1100,1100.0
2500,2500.0
821,821.0
2100,2100.0
1100,1100.0
855,855.0
596,595.98
3500,3500.0
6000,6000.0
27600,27554.0
1400,1400.0
644,644.0
3300,3300.0
571,571.02
1100,1100.0
1200,1200.0
5100,5100.0
753,753.0
1500,1500.0
552,552.0
333,329.91
1000,1000.0
603,602.94
644,643.99
5400,5400.0
1100,1100.0
1500,1500.0
1400,1400.0
1900,1900.0
2500,2500.0
2000,2000.0
847,847.0
1900,1900.0
5700,5700.0
2600,2600.0
6500,6500.0
1800,1800.0
2500,2500.0
1500,1500.0
20700,20707.0
31300,31328.0
1100,1100.0
1200,1200.0
1600,1600.0
578,578.01
2000,2000.0
16900,16901.0
3200,3200.0
1300,1300.0
1700,1700.0
2000,2000.0
4100,4100.0
10300,10300.0
2000,2000.0
965,965.0
1200,1200.0
2500,2500.0
1200,1200.0
1500,1500.0
4300,4300.0
3400,3400.0
2500,2500.0
703,703.0
1800,1800.0
9200,9200.0
1600,1600.0
2600,2600.0
5700,5700.0
564,563.98
894,894.0
929,929.0
849,848.94
1200,1200.0
8800,8800.0
881,881.0
1500,1500.0
2100,2100.0
2500,2500.0
2200,2200.0
1300,1300.0
9300,9300.0
916,916.0
1700,1700.0
3500,3500.0
3900,3900.0
3900,3900.0
2600,2600.0
784,784.0
1600,1600.0
1300,1300.0
742,742.0
1800,1800.0
1600,1600.0
1100,1100.0
716,716.0
1400,1400.0
964,964.0
2800,2800.0
859,859.0
1800,1800.0
806,806.0
2300,2300.0
727,727.0
1300,1300.0
867,867.0
834,834.0
935,935.0
3900,3900.0
899,899.0
1900,1900.0
1600,1600.0
9800,9800.0
145500,139115.0
1400,1400.0
649,648.99
1200,1200.0
880,880.0
926,926.0
654,654.0
10100,10100.0
2200,2200.0
1900,1900.0
722,722.0
2600,2600.0
699,699.0
4000,4000.0
792,792.0
755,755.0
1800,1800.0
1200,1200.0
3700,3700.0
16500,16491.0
3400,3400.0
1600,1600.0
4100,4100.0
1300,1300.0
2400,2400.0
1300,1300.0
621,621.0
361,360.23
2200,2200.0
14300,14295.0
982,982.0
2600,2600.0
2200,2200.0
973,973.0
761,761.0
1400,1400.0
2000,2000.0
1100,1100.0
751,751.0
849,848.94
2400,2400.0
1300,1300.0
1200,1200.0
718,718.0
1900,1900.0
924,924.0
944,944.0
4300,4300.0
1200,1200.0
558,557.92
49,48.23
3400,3400.0
1600,1600.0
977,977.0
3200,3200.0
1400,1400.0
1400,1400.0
17600,17599.0
1100,1100.0
1200,1200.0
822,822.0
978,978.0
9500,9500.0
1400,1400.0
11100,11100.0
1700,1700.0
2800,2800.0
1300,1300.0
1100,1100.0
779,779.0
642,642.0
562,561.97
821,821.0
2000,2000.0
5400,5400.0
6300,6300.0
1600,1600.0
1600,1600.0
1900,1900.0
947,947.0
932,932.0
901,901.0
5100,5100.0
91,90.58
2100,2100.0
3300,3300.0
1100,1100.0
2000,2000.0
1100,1100.0
5200,5200.0
2400,2400.0
801,801.0
1100,1100.0
5400,5400.0
2300,2300.0
982,981.99
936,936.0
727,727.0
3600,3600.0
479,479.14
1100,1100.0
806,806.0
1100,1100.0
1400,1400.0
1100,1100.0
2200,2200.0
3600,3600.0
972,972.0
1100,1100.0
1400,1400.0
1400,1400.0
1800,1800.0
951,951.0
1100,1100.0
1600,1600.0
12300,12300.0
2700,2700.0
1700,1700.0
1500,1500.0
3400,3400.0
992,992.0
820,820.0
20400,20411.0
1000,1000.0
997,997.0
1200,1200.0
1100,1100.0
1900,1900.0
1900,1900.0
6800,6800.0
1400,1400.0
556,556.05
2200,2200.0
1800,1800.0
1700,1700.0
16600,16600.0
830,830.0
452,452.0
626,625.98
565,564.99
2100,2100.0
1200,1200.0
3700,3700.0
5200,5200.0
1500,1500.0
669,669.0
4300,4300.0
5800,5800.0
1200,1200.0
4700,4700.0
3000,3000.0
603,603.06
4700,4700.0
1200,1200.0
752,752.0
1600,1600.0
1000,1000.0
8400,8400.0
1100,1100.0
7900,7900.0
1900,1900.0
5000,5000.0
1200,1200.0
9500,9500.0
1900,1900.0
867,867.0
9100,9100.0
16600,16600.0
1400,1400.0
2100,2100.0
893,893.0
690,690.0
677,677.0
1300,1300.0
1900,1900.0
885,885.0
916,916.0
2400,2400.0
926,926.0
1100,1100.0
527,527.0
616,616.07
1800,1800.0
1700,1700.0
820,820.0
568,567.95
1600,1600.0
1400,1400.0
1400,1400.0
2200,2200.0
2400,2400.0
1100,1100.0
2000,2000.0
1400,1400.0
1400,1400.0
1400,1400.0
7400,7400.0
831,831.0
9000,9000.0
1000,1000.0
1100,1100.0
17900,17906.0
1400,1400.0
2800,2800.0
2900,2900.0
1300,1300.0
2500,2500.0
1500,1500.0
975,975.0
4800,4800.0
13300,13297.0
1300,1300.0
2000,2000.0
742,742.0
1900,1900.0
1400,1400.0
4700,4700.0
846,846.0
2600,2600.0
650,650.0
1100,1100.0
1900,1900.0
2700,2700.0
7400,7400.0
2600,2600.0
596,595.97
7300,7300.0
1000,1000.0
3400,3400.0
1100,1100.0
820,820.0
759,759.0
1000,1000.0
1700,1700.0
20300,20287.0
701,701.0
1300,1300.0
26200,26209.0
809,809.0
2000,2000.0
942,942.0
1400,1400.0
1200,1200.0
5100,5100.0
1300,1300.0
13800,13798.0
7900,7900.0
391,390.99
3100,3100.0
24300,24313.0
31900,32023.91
1400,1400.0
1600,1600.0
938,938.0
4800,4800.0
702,701.99
2800,2800.0
901,901.0
2800,2800.0
15800,15819.0
1400,1400.0
1400,1400.0
2100,2100.0
628,627.95
2100,2100.0
827,827.0
2300,2300.0
776,776.0
2200,2200.0
2000,2000.0
3500,3500.0
681,681.0
3100,3100.0
4600,4600.0
1300,1300.0
7700,7700.0
1500,1500.0
1000,1000.0
895,895.0
919,919.0
1300,1300.0
4500,4500.0
2700,2700.0
4300,4300.0
1000,1000.0
1200,1200.0
1100,1100.0
15100,15105.0
4900,4900.0
2000,2000.0
1200,1200.0
720,720.0
11500,11501.0
1800,1800.0
3800,3800.0
15200,15199.0
13100,13106.0
968,968.0
12700,12697.0
865,865.0
3200,3200.0
111,112.2
596,595.97
1900,1900.0
1100,1100.0
3200,3200.0
928,928.0
2800,2800.0
20600,20594.0
2500,2500.0
952,952.0
816,816.0
963,963.0
586,586.0
4900,4900.0
1500,1500.0
886,886.0
5300,5300.0
2600,2600.0
761,761.01
1100,1100.0
958,958.0
2500,2500.0
2000,2000.0
2900,2900.0
932,932.0
3600,3600.0
898,898.0
953,953.0
2000,2000.0
8700,8700.0
7400,7400.0
2500,2500.0
1000,1000.0
959,959.0
1300,1300.0
3000,3000.0
2900,2900.0
516,515.82
2900,2900.0
4500,4500.0
1100,1100.0
11900,11900.0
571,571.0
10100,10100.0
821,821.0
1300,1300.0
1100,1100.0
886,886.0
12900,12900.0
3200,3200.0
1100,1100.0
603,602.96
738,738.0
2900,2900.0
410,409.7
638,638.0
858,858.0
1600,1600.0
1400,1400.0
5800,5800.0
1600,1600.0
735,735.0
695,695.01
3300,3300.0
2700,2700.0
688,688.0
1300,1300.0
6300,6300.0
7500,7500.0
3000,3000.0
1800,1800.0
654,654.0
34700,34778.0
3700,3700.0
2500,2500.0
2000,2000.0
863,863.0
3400,3400.0
675,675.0
959,959.0
834,834.0
897,897.0
753,753.0
798,798.0
69100,69309.99
377,376.74
4900,4900.0
1500,1500.0
683,683.04
672,672.0
1800,1800.0
2600,2600.0
2200,2200.0
988,988.0
2300,2300.0
9100,9100.0
7800,7800.0
1100,1100.0
843,843.0
1600,1600.0
2800,2800.0
942,942.0
1200,1200.0
1100,1100.0
761,761.01
1400,1400.0
5500,5500.0
3000,3000.0
513,513.07
1100,1100.0
2000,2000.0
1200,1200.0
2400,2400.0
1300,1300.0
1200,1200.0
2000,2000.0
1300,1300.0
2900,2900.0
824,824.0
1200,1200.0
5000,5000.0
5400,5400.0
1900,1900.0
940,940.0
694,694.0
2100,2100.0
9600,9600.0
1600,1600.0
4400,4400.0
2200,2200.0
1300,1300.0
942,942.0
1100,1100.0
2400,2400.0
1900,1900.0
2500,2500.0
1200,1200.0
2400,2400.0
1400,1400.0
837,837.0
1600,1600.0
682,682.0
4100,4100.0
675,675.0
1400,1400.0
18000,17998.0
1600,1600.0
821,821.0
4100,4100.0
5500,5500.0
1600,1600.0
1300,1300.0
2400,2400.0
11900,11900.0
765,765.01
7400,7400.0
1400,1400.0
785,785.0
1900,1900.0
1300,1300.0
13400,13400.0
12400,12400.0
2400,2400.0
6000,6000.0
714,714.01
1500,1500.0
1700,1700.0
842,842.0
1400,1400.0
2200,2200.0
538,538.01
6200,6200.0
758,758.0
1500,1500.0
2600,2600.0
547,546.92
698,698.0
6600,6600.0
1000,1000.0
7000,7000.0
1300,1300.0
2000,2000.0
3600,3600.0
871,871.0
13200,13197.0
744,744.0
1800,1800.0
3300,3300.0
1600,1600.0
1600,1600.0
4000,4000.0
579,579.0
1300,1300.0
1200,1200.0
873,873.0
7600,7600.0
1300,1300.0
974,974.0
5700,5700.0
1700,1700.0
3000,3000.0
924,924.0
690,690.0
3700,3700.0
960,960.0
2600,2600.0
4400,4400.0
2800,2800.0
2600,2600.0
1200,1200.0
1900,1900.0
624,624.0
1100,1100.0
2500,2500.0
1500,1500.0
1300,1300.0
4300,4300.0
900,900.0
1700,1700.0
4500,4500.0
396,395.6
997,997.0
3400,3400.0
952,952.0
520,520.01
1300,1300.0
1300,1300.0
1300,1300.0
4700,4700.0
884,884.0
1400,1400.0
4300,4300.0
593,593.0
1300,1300.0
2700,2700.0
1300,1300.0
2100,2100.0
6500,6500.0
736,736.0
19400,19414.0
1100,1100.0
1100,1100.0
1000,1000.0
843,843.0
677,677.0
771,771.0
564,564.0
1300,1300.0
2300,2300.0
704,704.0
3700,3700.0
2200,2200.0
8200,8200.0
1400,1400.0
1100,1100.0
1500,1500.0
5000,5000.0
2400,2400.0
1900,1900.0
994,994.0
1400,1400.0
2800,2800.0
2100,2100.0
1800,1800.0
2700,2700.0
2000,2000.0
1100,1100.0
395,395.14
5200,5200.0
1300,1300.0
1700,1700.0
7000,7000.0
820,820.0
1800,1800.0
1900,1900.0
9100,9100.0
2000,2000.0
2100,2100.0
1100,1100.0
736,736.0
687,686.99
647,647.0
2700,2700.0
3200,3200.0
1100,1100.0
2000,2000.0
1500,1500.0
1300,1300.0
1800,1800.0
11100,11100.0
2700,2700.0
1500,1500.0
1500,1500.0
2500,2500.0
1100,1100.0
6000,6000.0
2500,2500.0
990,990.0
1000,1000.0
3000,3000.0
1200,1200.0
1600,1600.0
15900,15893.0
4200,4200.0
2700,2700.0
2600,2600.0
1200,1200.0
8700,8700.0
1700,1700.0
730,730.0
1500,1500.0
3200,3200.0
21800,21760.0
4700,4700.0
1100,1100.0
969,969.0
2300,2300.0
3200,3200.0
1300,1300.0
895,895.0
827,827.0
3400,3400.0
5100,5100.0
1300,1300.0
842,842.0
1100,1100.0
1000,1000.0
1400,1400.0
541,541.0
7800,7800.0
1800,1800.0
1400,1400.0
4500,4500.0
6000,6000.0
2000,2000.0
1100,1100.0
2800,2800.0
3900,3900.0
2800,2800.0
1300,1300.0
898,898.0
684,683.98
486,485.92
1400,1400.0
852,852.0
914,914.0
2600,2600.0
665,665.0
1400,1400.0
3000,3000.0
568,567.93
487,486.01
619,619.0
2100,2100.0
710,710.0
9600,9600.0
5000,5000.0
10800,10800.0
1600,1600.0
1000,1000.0
2900,2900.0
804,803.99
2300,2300.0
5000,5000.0
1300,1300.0
550,550.0
3100,3100.0
2900,2900.0
1900,1900.0
12200,12200.0
1700,1700.0
1300,1300.0
590,590.01
1300,1300.0
1000,1000.0
1900,1900.0
1200,1200.0
1200,1200.0
1000,1000.0
1200,1200.0
4800,4800.0
1100,1100.0
4500,4500.0
6100,6100.0
3500,3500.0
2400,2400.0
698,698.0
787,787.0
617,616.98
712,712.0
2800,2800.0
1500,1500.0
2100,2100.0
2400,2400.0
2100,2100.0
1300,1300.0
862,862.0
1300,1300.0
865,865.0
566,566.01
670,670.0
990,990.0
1900,1900.0
1700,1700.0
938,938.0
1100,1100.0
1100,1100.0
994,994.0
1800,1800.0
3500,3500.0
1300,1300.0
773,772.99
3000,3000.0
17800,17792.0
722,722.0
1200,1200.0
1800,1800.0
976,976.0
1100,1100.0
608,607.98
560,560.09
2900,2900.0
2100,2100.0
2300,2300.0
2300,2300.0
1600,1600.0
23700,23685.0
1200,1200.0
863,863.0
1100,1100.0
2300,2300.0
7500,7500.0
912,912.0
818,818.0
821,821.0
4600,4600.0
719,719.0
332,329.5
1500,1500.0
1600,1600.0
1500,1500.0
1600,1600.0
1800,1800.0
1300,1300.0
7100,7100.0
3800,3800.0
1100,1100.0
3300,3300.0
3400,3400.0
767,767.0
5900,5900.0
773,773.0
608,608.01
1600,1600.0
7600,7600.0
1200,1200.0
667,667.01
9900,9900.0
1300,1300.0
1500,1500.0
1200,1200.0
1400,1400.0
899,899.0
2000,2000.0
2200,2200.0
691,691.0
1200,1200.0
744,744.0
1400,1400.0
2300,2300.0
642,642.0
752,752.0
1600,1600.0
1100,1100.0
1500,1500.0
4000,4000.0
5700,5700.0
4600,4600.0
416,416.06
6300,6300.0
916,916.0
3300,3300.0
2000,2000.0
661,660.99
4400,4400.0
1200,1200.0
1900,1900.0
2800,2800.0
746,746.02
936,936.0
2300,2300.0
940,940.0
936,936.0
1200,1200.0
2200,2200.0
1200,1200.0
916,916.0
3500,3500.0
6700,6700.0
1800,1800.0
967,967.0
709,709.0
742,742.0
608,608.01
3700,3700.0
2100,2100.0
2600,2600.0
1400,1400.0
1700,1700.0
2200,2200.0
4900,4900.0
2300,2300.0
1800,1800.0
745,745.0
1400,1400.0
3200,3200.0
1500,1500.0
4100,4100.0
1200,1200.0
828,828.0
956,956.0
3700,3700.0
6000,6000.0
255,257.04
993,993.0
1700,1700.0
3300,3300.0
594,594.05
1100,1100.0
2000,2000.0
910,910.0
665,665.0
729,729.0
1200,1200.0
4900,4900.0
9500,9500.0
1900,1900.0
1200,1200.0
2400,2400.0
987,987.0
1100,1100.0
3300,3300.0
1500,1500.0
1400,1400.0
3800,3800.0
1500,1500.0
1400,1400.0
2700,2700.0
1400,1400.0
931,931.0
1800,1800.0
535,534.94
4300,4300.0
1100,1100.0
5800,5800.0
1500,1500.0
746,746.02
1700,1700.0
1100,1100.0
2300,2300.0
1200,1200.0
4900,4900.0
1300,1300.0
905,905.0
350,349.44
1800,1800.0
1700,1700.0
2600,2600.0
5100,5100.0
5200,5200.0
9200,9200.0
1800,1800.0
854,854.0
1700,1700.0
1600,1600.0
57800,57461.0
1300,1300.0
286,285.67
2300,2300.0
1400,1400.0
3800,3800.0
733,733.0
663,663.0
6400,6400.0
4200,4200.0
2400,2400.0
4300,4300.0
779,779.0
922,922.0
6500,6500.0
1100,1100.0
2400,2400.0
682,682.0
677,676.98
873,873.0
738,738.0
3600,3600.0
1900,1900.0
1400,1400.0
2300,2300.0
8400,8400.0
1000,1000.0
1100,1100.0
6600,6600.0
492,492.0
1000,1000.0
1300,1300.0
2000,2000.0
862,862.0
384,383.41
1400,1400.0
897,897.0
3700,3700.0
1100,1100.0
64,64.05
1200,1200.0
6400,6400.0
1000,1000.0
757,757.01
5600,5600.0
1600,1600.0
664,664.0
629,629.0
1400,1400.0
12200,12200.0
5700,5700.0
2000,2000.0
3100,3100.0
18900,18881.0
2200,2200.0
788,788.0
23600,23589.0
1300,1300.0
1200,1200.0
8200,8200.0
574,574.04
824,824.0
5000,5000.0
2100,2100.0
977,977.0
9800,9800.0
984,984.0
18400,18392.0
1100,1100.0
487,485.87
733,733.0
1100,1100.0
996,996.0
2700,2700.0
625,624.95
641,641.0
1400,1400.0
2800,2800.0
788,788.0
1500,1500.0
1200,1200.0
769,769.0
8900,8900.0
4400,4400.0
1100,1100.0
1500,1500.0
1600,1600.0
1700,1700.0
2200,2200.0
1600,1600.0
1000,1000.0
1300,1300.0
1600,1600.0
2600,2600.0
551,550.91
997,997.0
1100,1100.0
1200,1200.0
1900,1900.0
1400,1400.0
1200,1200.0
5200,5200.0
3000,3000.0
493,493.1
8700,8700.0
5200,5200.0
1600,1600.0
4600,4600.0
4000,4000.0
416,416.22
871,871.0
1200,1200.0
109800,110031.0
864,864.0
1900,1900.0
2300,2300.0
1400,1400.0
2000,2000.0
8400,8400.0
1200,1200.0
490,489.89
35300,35281.0
2000,2000.0
2000,2000.0
2400,2400.0
960,960.0
47800,47900.0
1300,1300.0
1500,1500.0
8500,8500.0
2600,2600.0
1200,1200.0
2400,2400.0
752,752.0
869,869.0
1400,1400.0
13400,13400.0
2400,2400.0
1500,1500.0
6800,6800.0
2000,2000.0
1600,1600.0
978,977.99
451,450.94
550,550.13
2600,2600.0
2100,2100.0
2100,2100.0
1400,1400.0
523,523.13
3200,3200.0
634,633.99
929,929.0
11500,11501.0
935,935.0
1200,1200.0
942,942.0
1500,1500.0
1200,1200.0
1900,1900.0
3800,3800.0
2500,2500.0
300,300.3
870,870.0
2900,2900.0
843,843.0
872,872.0
3400,3400.0
2000,2000.0
866,866.0
1200,1200.0
496,495.73
948,947.99
1100,1100.0
2400,2400.0
2500,2500.0
1500,1500.0
741,741.0
2300,2300.0
815,815.0
790,790.0
1400,1400.0
1500,1500.0
839,839.01
1600,1600.0
704,704.0
696,696.0
749,749.0
5000,5000.0
4300,4300.0
6500,6500.0
462,462.01
713,713.0
9700,9700.0
921,921.0
2100,2100.0
881,881.0
2600,2600.0
1400,1400.0
1400,1400.0
1500,1500.0
998,998.0
1800,1800.0
825,825.0
1900,1900.0
1300,1300.0
859,859.0
7700,7700.0
12300,12300.0
802,802.0
640,640.0
12300,12300.0
1000,1000.0
5800,5800.0
4500,4500.0
106,109.09
609,609.05
2100,2100.0
1400,1400.0
1300,1300.0
3100,3100.0
3400,3400.0
1600,1600.0
889,889.0
850,850.0
8300,8300.0
834,834.0
960,960.0
764,764.0
771,771.0
2200,2200.0
1100,1100.0
2400,2400.0
756,756.0
882,882.0
1200,1200.0
992,992.0
1400,1400.0
1400,1400.0
897,897.0
1200,1200.0
2300,2300.0
2400,2400.0
3600,3600.0
1400,1400.0
1300,1300.0
13600,13590.0
958,958.0
927,927.0
2500,2500.0
5600,5600.0
1100,1100.0
746,746.02
1400,1400.0
1600,1600.0
1100,1100.0
5100,5100.0
876,876.0
2800,2800.0
221,221.43
688,688.0
1200,1200.0
1800,1800.0
1100,1100.0
728,728.0
4400,4400.0
849,848.94
3500,3500.0
1200,1200.0
911,911.0
416,416.09
1800,1800.0
743,743.0
3000,3000.0
1200,1200.0
4500,4500.0
1200,1200.0
1800,1800.0
1500,1500.0
1000,1000.0
2900,2900.0
930,930.0
862,862.0
3500,3500.0
98500,97169.0
912,912.0
10500,10500.0
775,775.0
2000,2000.0
6500,6500.0
806,806.0
808,808.0
8100,8100.0
979,979.0
732,732.0
2300,2300.0
2100,2100.0
1700,1700.0
626,625.98
1300,1300.0
812,812.0
2400,2400.0
1300,1300.0
574,574.0
1700,1700.0
1700,1700.0
485,485.04
27300,27331.0
3100,3100.0
3700,3700.0
901,901.0
769,769.0
4200,4200.0
843,843.0
1000,1000.0
1100,1100.0
15200,15197.0
1200,1200.0
2500,2500.0
1500,1500.0
1100,1100.0
838,838.0
2100,2100.0
818,818.0
907,907.0
3900,3900.0
840,839.99
2400,2400.0
3500,3500.0
1900,1900.0
7100,7100.0
5800,5800.0
847,847.0
635,635.0
1300,1300.0
772,772.0
2200,2200.0
1500,1500.0
1100,1100.0
6800,6800.0
1300,1300.0
8900,8900.0
11500,11500.0
2200,2200.0
3200,3200.0
1700,1700.0
1300,1300.0
31100,30910.0
809,809.0
2200,2200.0
3700,3700.0
1700,1700.0
2100,2100.0
932,932.0
952,952.0
1200,1200.0
19600,19487.0
1300,1300.0
522,522.0
2900,2900.0
901,901.0
774,774.0
2100,2100.0
1600,1600.0
1700,1700.0
877,877.0
1200,1200.0
832,832.0
25400,25415.0
1500,1500.0
1800,1800.0
1400,1400.0
563,563.01
1500,1500.0
128800,139587.0
558,557.96
1200,1200.0
1200,1200.0
920,920.0
922,922.0
4100,4100.0
1400,1400.0
1100,1100.0
745,745.0
1500,1500.0
3400,3400.0
5800,5800.0
11700,11700.0
3200,3200.0
1200,1200.0
1300,1300.0
7400,7400.0
1200,1200.0
655,655.0
2700,2700.0
464,464.08
1100,1100.0
1100,1100.0
19200,19203.0
702,701.99
6800,6800.0
6500,6500.0
839,839.0
466,465.82
1300,1300.0
3200,3200.0
815,815.0
432,431.95
417,416.7
959,959.0
41600,41496.0
749,749.0
1600,1600.0
3400,3400.0
5300,5300.0
3200,3200.0
2300,2300.0
1400,1400.0
944,943.99
1300,1300.0
6800,6800.0
3400,3400.0
2400,2400.0
3500,3500.0
2800,2800.0
8100,8100.0
1000,1000.0
1100,1100.0
23700,23706.0
1100,1100.0
5500,5500.0
859,859.0
1900,1900.0
488,488.06
973,973.0
3800,3800.0
683,683.03
2200,2200.0
723,723.0
1800,1800.0
12600,12601.0
1100,1100.0
1200,1200.0
765,765.01
1300,1300.0
879,879.0
1200,1200.0
4100,4100.0
2300,2300.0
1700,1700.0
3000,3000.0
854,854.0
996,996.0
3600,3600.0
1500,1500.0
1100,1100.0
1900,1900.0
1300,1300.0
2700,2700.0
1200,1200.0
1200,1200.0
1200,1200.0
1100,1100.0
3200,3200.0
587,586.99
2400,2400.0
1500,1500.0
877,877.0
2400,2400.0
5500,5500.0
2200,2200.0
940,940.0
1400,1400.0
267,268.24
1400,1400.0
782,782.0
695,695.0
47700,47865.0
4800,4800.0
1700,1700.0
827,827.0
823,823.0
531,530.96
1700,1700.0
8400,8400.0
3900,3900.0
3100,3100.0
896,896.0
632,631.96
578,578.0
1800,1800.0
5800,5800.0
477,476.93
7100,7100.0
861,861.0
2600,2600.0
2000,2000.0
998,998.0
2100,2100.0
2300,2300.0
1100,1100.0
957,957.0
1900,1900.0
813,813.0
1100,1100.0
1400,1400.0
11600,11599.0
828,828.0
1400,1400.0
1400,1400.0
2700,2700.0
3900,3900.0
1000,1000.0
1300,1300.0
1800,1800.0
1100,1100.0
894,894.0
4100,4100.0
2600,2600.0
343,341.87
3200,3200.0
1700,1700.0
1500,1500.0
1400,1400.0
5200,5200.0
5700,5700.0
9500,9500.0
4200,4200.0
1100,1100.0
843,843.0
1200,1200.0
2100,2100.0
1300,1300.0
2000,2000.0
2200,2200.0
747,746.98
1900,1900.0
2200,2200.0
868,868.0
1700,1700.0
2500,2500.0
8900,8900.0
1300,1300.0
2000,2000.0
987,987.0
4300,4300.0
1300,1300.0
13000,13000.0
1100,1100.0
1100,1100.0
6300,6300.0
852,852.0
1500,1500.0
2100,2100.0
775,775.0
2000,2000.0
1100,1100.0
2500,2500.0
1300,1300.0
941,941.0
2200,2200.0
787,787.0
2100,2100.0
2900,2900.0
6300,6300.0
2500,2500.0
3700,3700.0
510,509.93
1000,1000.0
2000,2000.0
6100,6100.0
3300,3300.0
1800,1800.0
104100,104927.0
5200,5200.0
1100,1100.0
123,121.89
1300,1300.0
733,733.0
1100,1100.0
2000,2000.0
1200,1200.0
735,735.0
3100,3100.0
960,960.0
787,787.0
726,726.0
2300,2300.0
3400,3400.0
2400,2400.0
1400,1400.0
813,813.0
535,534.94
1400,1400.0
2800,2800.0
1200,1200.0
947,947.01
2000,2000.0
7400,7400.0
5500,5500.0
1100,1100.0
1200,1200.0
11800,11800.0
21100,21002.0
1400,1400.0
780,780.0
1700,1700.0
4600,4600.0
1900,1900.0
6600,6600.0
697,697.0
6000,6000.0
3200,3200.0
729,729.0
5200,5200.0
587,586.99
738,738.0
1500,1500.0
606,605.99
519,519.11
1000,1000.0
1000,1000.0
999,998.99
1000,1000.0
985,985.0
71700,71450.0
864,864.0
814,813.98
1200,1200.0
823,823.0
1700,1700.0
2300,2300.0
6200,6200.0
1200,1200.0
2500,2500.0
986,986.0
784,784.0
4800,4800.0
7600,7600.0
1500,1500.0
2900,2900.0
2800,2800.0
1600,1600.0
1700,1700.0
11300,11300.0
1200,1200.0
2400,2400.0
2600,2600.0
1300,1300.0
1200,1200.0
1200,1200.0
883,883.0
3600,3600.0
82,80.81
3400,3400.0
4000,4000.0
1100,1100.0
5500,5500.0
1100,1100.0
2100,2100.0
803,803.0
705,705.0
6900,6900.0
1000,1000.0
3200,3200.0
3600,3600.0
2200,2200.0
5700,5700.0
972,972.0
1700,1700.0
1600,1600.0
2900,2900.0
1600,1600.0
1200,1200.0
506,505.88
2200,2200.0
2700,2700.0
5900,5900.0
3600,3600.0
6200,6200.0
4200,4200.0
1700,1700.0
2600,2600.0
659,659.0
778,778.0
6700,6700.0
1400,1400.0
1000,1000.0
542,541.94
720,720.0
856,856.0
633,633.01
2500,2500.0
1000,1000.0
1100,1100.0
9600,9600.0
1600,1600.0
2900,2900.0
2100,2100.0
820,820.0
582,582.02
855,855.0
1100,1100.0
5100,5100.0
499,499.01
2200,2200.0
2800,2800.0
746,746.01
10700,10700.0
4500,4500.0
945,945.0
17000,17000.0
6800,6800.0
724,724.0
1100,1100.0
1100,1100.0
3100,3100.0
9800,9800.0
774,774.0
17300,17319.0
1200,1200.0
1100,1100.0
1400,1400.0
1100,1100.0
4000,4000.0
964,964.0
2500,2500.0
3000,3000.0
5500,5500.0
986,986.0
2000,2000.0
2000,2000.0
8200,8200.0
1000,1000.0
2900,2900.0
1300,1300.0
1400,1400.0
2300,2300.0
2300,2300.0
1600,1600.0
7600,7600.0
944,943.99
3600,3600.0
2300,2300.0
1900,1900.0
1000,1000.0
755,755.0
648,648.01
1200,1200.0
1200,1200.0
1800,1800.0
3800,3800.0
2400,2400.0
1700,1700.0
1500,1500.0
1000,1000.0
4700,4700.0
1000,1000.0
911,911.0
6700,6700.0
1100,1100.0
4200,4200.0
1200,1200.0
576,575.98
4800,4800.0
969,969.0
2000,2000.0
2200,2200.0
1300,1300.0
1600,1600.0
649,648.96
1300,1300.0
515,515.02
716,716.0
1500,1500.0
1000,1000.0
902,902.0
1500,1500.0
1600,1600.0
4500,4500.0
710,710.0
440,440.19
974,974.0
1900,1900.0
1400,1400.0
2100,2100.0
6200,6200.0
873,873.0
1500,1500.0
2100,2100.0
2100,2100.0
564,564.01
3400,3400.0
1200,1200.0
595,594.97
1500,1500.0
1200,1200.0
894,894.0
827,827.0
828,828.0
2100,2100.0
731,731.0
1600,1600.0
602,602.03
2500,2500.0
903,903.0
2300,2300.0
3900,3900.0
1500,1500.0
1300,1300.0
981,981.01
1300,1300.0
1200,1200.0
1500,1500.0
2600,2600.0
9800,9800.0
1500,1500.0
1700,1700.0
807,807.0
3600,3600.0
939,939.0
1500,1500.0
2800,2800.0
1100,1100.0
48000,47958.0
1800,1800.0
4400,4400.0
4700,4700.0
1100,1100.0
2300,2300.0
883,883.0
827,827.0
1500,1500.0
1100,1100.0
848,848.02
2100,2100.0
645,645.0
3200,3200.0
2300,2300.0
768,768.0
7900,7900.0
6600,6600.0
1300,1300.0
844,844.0
1300,1300.0
228,227.47
2100,2100.0
587,587.0
824,824.0
1100,1100.0
960,960.0
850,850.0
944,944.0
1300,1300.0
693,693.0
5800,5800.0
1600,1600.0
7600,7600.0
539,539.02
1600,1600.0
2700,2700.0
708,708.0
1400,1400.0
610,610.04
901,901.0
1900,1900.0
2800,2800.0
1300,1300.0
3000,3000.0
2600,2600.0
1400,1400.0
2400,2400.0
138,140.04
627,627.01
1100,1100.0
1900,1900.0
1600,1600.0
3200,3200.0
1200,1200.0
1300,1300.0
1200,1200.0
778,778.0
1000,1000.0
997,997.0
8800,8800.0
6000,6000.0
648,647.98
1400,1400.0
1500,1500.0
1000,1000.0
7300,7300.0
1400,1400.0
990,990.0
1400,1400.0
4200,4200.0
6400,6400.0
4900,4900.0
1100,1100.0
2200,2200.0
1500,1500.0
3000,3000.0
2500,2500.0
3600,3600.0
1700,1700.0
853,853.0
1000,1000.0
2800,2800.0
727,727.0
12400,12400.0
767,767.0
1700,1700.0
4700,4700.0
645,645.0
1000,1000.0
771,771.0
1300,1300.0
44,43.23
13800,13797.0
3000,3000.0
3900,3900.0
783,783.0
1500,1500.0
1900,1900.0
35300,35248.0
1000,1000.0
2500,2500.0
1900,1900.0
10600,10600.0
2300,2300.0
2200,2200.0
4700,4700.0
1600,1600.0
715,714.99
1700,1700.0
525,524.95
898,898.0
3100,3100.0
772,772.01
891,891.0
720,720.0
783,783.0
3300,3300.0
793,793.0
1100,1100.0
1200,1200.0
3200,3200.0
1100,1100.0
1600,1600.0
1400,1400.0
2200,2200.0
3500,3500.0
4600,4600.0
22000,22016.0
909,909.0
523,523.2
1700,1700.0
2100,2100.0
4300,4300.0
3900,3900.0
811,811.0
1400,1400.0
13300,13297.0
6200,6200.0
716,716.0
2200,2200.0
1300,1300.0
909,909.0
8400,8400.0
1200,1200.0
1400,1400.0
2500,2500.0
6500,6500.0
531,530.98
2700,2700.0
569,569.07
1500,1500.0
2300,2300.0
13400,13401.0
890,890.0
917,917.0
945,945.0
18600,18592.0
1600,1600.0
569,569.03
4100,4100.0
1800,1800.0
790,790.0
594,594.05
3300,3300.0
808,808.0
3200,3200.0
3200,3200.0
1100,1100.0
2600,2600.0
1200,1200.0
824,824.0
1900,1900.0
14500,14507.0
1300,1300.0
1800,1800.0
2000,2000.0
1000,1000.0
916,916.0
1700,1700.0
1300,1300.0
762,762.0
10400,10400.0
1800,1800.0
4300,4300.0
2700,2700.0
4100,4100.0
1000,1000.0
1000,1000.0
4800,4800.0
845,845.0
1200,1200.0
20700,20693.0
27300,27331.0
1100,1100.0
17300,17312.0
70800,71350.0
36600,36588.0
1100,1100.0
20000,19984.0
8700,8700.0
3700,3700.0
1800,1800.0
1400,1400.0
3000,3000.0
587,587.0
1300,1300.0
754,754.0
8900,8900.0
2700,2700.0
3400,3400.0
330,328.82
7100,7100.0
2400,2400.0
2700,2700.0
1100,1100.0
936,936.0
4800,4800.0
1200,1200.0
2800,2800.0
21900,21900.0
811,811.0
860,860.0
971,971.0
2400,2400.0
1700,1700.0
1800,1800.0
2800,2800.0
523,523.11
4800,4800.0
1600,1600.0
651,651.07
4700,4700.0
783,783.0
2000,2000.0
915,915.0
1100,1100.0
1400,1400.0
3200,3200.0
618,618.01
3500,3500.0
3600,3600.0
1400,1400.0
975,975.0
2400,2400.0
1100,1100.0
643,643.0
6300,6300.0
5100,5100.0
3700,3700.0
1000,1000.0
729,729.0
845,845.0
1200,1200.0
651,651.0
383,382.57
392,391.88
1400,1400.0
1300,1300.0
583,582.99
2000,2000.0
3300,3300.0
1300,1300.0
608,607.99
1600,1600.0
4400,4400.0
1100,1100.0
15400,15403.0
9600,9600.0
843,843.0
891,891.0
823,823.0
4100,4100.0
875,875.0
688,688.0
1600,1600.0
1600,1600.0
1200,1200.0
570,570.0
1700,1700.0
609,609.08
791,791.0
965,965.0
1000,1000.0
1100,1100.0
2100,2100.0
1200,1200.0
12200,12200.0
1400,1400.0
2000,2000.0
454,454.07
757,757.01
863,863.0
833,833.0
4000,4000.0
1900,1900.0
4800,4800.0
801,801.0
1100,1100.0
676,676.0
950,950.0
953,953.0
1400,1400.0
1500,1500.0
1700,1700.0
987,987.0
5700,5700.0
5100,5100.0
3100,3100.0
850,850.0
412,412.07
962,962.0
1100,1100.0
1100,1100.0
878,878.0
352,352.09
859,859.0
833,833.0
1500,1500.0
1100,1100.0
1400,1400.0
773,772.99
675,675.0
2900,2900.0
958,958.0
24900,24905.0
1300,1300.0
987,987.0
1300,1300.0
2000,2000.0
2700,2700.0
4800,4800.0
2300,2300.0
1100,1100.0
871,871.0
880,880.0
1500,1500.0
1300,1300.0
1100,1100.0
1400,1400.0
849,848.97
1200,1200.0
32200,32237.87
1200,1200.0
986,986.0
1700,1700.0
1300,1300.0
2100,2100.0
744,744.0
5000,5000.0
389,389.34
1800,1800.0
964,964.0
1300,1300.0
941,941.0
3700,3700.0
3100,3100.0
1500,1500.0
1100,1100.0
1600,1600.0
2700,2700.0
1100,1100.0
777,777.0
1100,1100.0
7800,7800.0
1500,1500.0
775,775.0
1100,1100.0
1500,1500.0
543,543.0
924,924.0
3700,3700.0
1300,1300.0
3100,3100.0
958,958.0
825,825.0
2200,2200.0
1600,1600.0
4400,4400.0
713,713.0
801,801.0
1800,1800.0
3400,3400.0
579,579.0
2400,2400.0
1100,1100.0
2700,2700.0
483,482.93
775,775.0
1100,1100.0
6700,6700.0
987,987.0
2900,2900.0
1300,1300.0
1200,1200.0
1200,1200.0
1000,1000.0
970,970.0
1100,1100.0
1000,1000.0
797,797.0
1700,1700.0
585,585.06
3100,3100.0
735,735.0
1700,1700.0
518,518.0
1600,1600.0
2700,2700.0
9500,9500.0
2500,2500.0
1200,1200.0
96900,96085.0
2100,2100.0
1100,1100.0
819,819.0
1300,1300.0
1500,1500.0
2900,2900.0
2100,2100.0
861,861.0
951,951.0
717,717.0
30500,30401.0
1300,1300.0
913,913.0
709,709.0
1800,1800.0
7000,7000.0
2000,2000.0
1700,1700.0
1700,1700.0
717,717.0
2200,2200.0
729,729.0
1800,1800.0
2200,2200.0
3400,3400.0
14400,14400.0
979,979.0
922,922.0
1500,1500.0
1700,1700.0
1900,1900.0
1800,1800.0
2000,2000.0
2100,2100.0
647,647.16
2300,2300.0
6800,6800.0
1100,1100.0
9400,9400.0
909,909.0
2800,2800.0
1100,1100.0
1000,1000.0
3700,3700.0
808,808.0
835,835.0
6900,6900.0
978,978.0
942,942.0
3000,3000.0
1200,1200.0
1900,1900.0
872,872.0
507,507.03
1400,1400.0
2200,2200.0
1400,1400.0
2200,2200.0
451,451.02
1600,1600.0
1600,1600.0
6500,6500.0
710,710.0
4100,4100.0
693,693.0
1600,1600.0
2700,2700.0
1100,1100.0
2500,2500.0
2400,2400.0
1200,1200.0
2400,2400.0
920,920.0
1600,1600.0
4900,4900.0
1300,1300.0
16200,16198.0
991,991.0
1600,1600.0
895,895.0
1500,1500.0
768,768.0
7700,7700.0
1000,1000.0
1600,1600.0
2000,2000.0
600,599.94
1500,1500.0
59,58.22
5400,5400.0
1800,1800.0
2200,2200.0
995,995.0
1300,1300.0
6000,6000.0
1200,1200.0
2900,2900.0
4700,4700.0
1500,1500.0
1100,1100.0
12300,12300.0
1500,1500.0
853,853.0
2500,2500.0
1000,1000.0
753,753.0
1000,1000.0
870,870.0
9400,9400.0
3100,3100.0
818,818.0
807,807.0
2700,2700.0
2100,2100.0
991,991.0
6700,6700.0
1500,1500.0
1400,1400.0
590,590.0
1300,1300.0
1400,1400.0
4500,4500.0
2500,2500.0
2400,2400.0
1400,1400.0
3900,3900.0
10500,10500.0
778,778.0
1200,1200.0
2000,2000.0
638,637.98
1900,1900.0
403,402.95
955,955.0
773,773.0
43600,43583.0
613,613.0
5800,5800.0
807,807.0
1700,1700.0
4800,4800.0
11100,11100.0
850,850.0
1800,1800.0
888,888.0
3800,3800.0
300,300.58
885,885.0
1300,1300.0
1100,1100.0
921,921.0
851,851.0
7500,7500.0
775,775.0
4600,4600.0
1400,1400.0
1100,1100.0
1100,1100.0
1700,1700.0
2700,2700.0
1500,1500.0
599,599.03
1700,1700.0
3100,3100.0
402,401.62
633,633.01
10600,10600.0
656,656.0
2900,2900.0
1100,1100.0
833,833.0
782,782.0
459,458.92
2100,2100.0
1600,1600.0
9700,9700.0
1600,1600.0
2500,2500.0
1200,1200.0
1100,1100.0
2200,2200.0
1000,1000.0
744,744.0
4700,4700.0
369,368.24
1500,1500.0
7100,7100.0
974,974.0
1300,1300.0
3600,3600.0
853,853.0
1500,1500.0
830,830.01
7800,7800.0
579,579.0
3200,3200.0
3100,3100.0
72100,71243.0
1600,1600.0
2100,2100.0
1300,1300.0
1100,1100.0
28200,28251.0
1700,1700.0
790,790.0
1100,1100.0
936,936.0
2300,2300.0
1400,1400.0
12500,12500.0
850,850.0
2100,2100.0
1600,1600.0
1800,1800.0
1300,1300.0
1100,1100.0
1800,1800.0
3800,3800.0
4000,4000.0
2000,2000.0
996,996.0
519,519.15
2800,2800.0
5600,5600.0
1100,1100.0
675,675.0
3900,3900.0
966,966.0
1900,1900.0
2700,2700.0
1800,1800.0
1000,1000.0
1100,1100.0
978,977.99
1700,1700.0
2100,2100.0
1700,1700.0
549,549.01
907,907.0
1200,1200.0
1200,1200.0
1100,1100.0
1300,1300.0
4200,4200.0
876,876.0
6300,6300.0
5700,5700.0
5000,5000.0
878,878.0
18000,17995.0
576,576.0
580,579.98
1300,1300.0
738,738.0
1600,1600.0
1200,1200.0
6700,6700.0
930,930.0
1800,1800.0
2000,2000.0
2500,2500.0
806,806.0
2600,2600.0
29200,29315.0
1400,1400.0
4900,4900.0
485,485.03
902,902.0
2100,2100.0
1200,1200.0
1400,1400.0
8600,8600.0
867,867.0
947,947.01
3800,3800.0
1300,1300.0
10500,10500.0
1500,1500.0
1300,1300.0
2200,2200.0
2000,2000.0
2000,2000.0
867,867.0
1500,1500.0
2000,2000.0
4100,4100.0
13700,13699.0
2200,2200.0
2300,2300.0
4400,4400.0
4600,4600.0
1300,1300.0
533,533.03
981,981.0
1400,1400.0
4000,4000.0
2700,2700.0
7000,7000.0
759,759.0
767,767.0
2000,2000.0
1400,1400.0
1100,1100.0
1700,1700.0
2000,2000.0
4400,4400.0
1400,1400.0
2800,2800.0
3400,3400.0
855,855.0
1300,1300.0
1700,1700.0
962,962.0
8400,8400.0
1200,1200.0
3800,3800.0
1300,1300.0
452,451.95
807,807.0
1300,1300.0
1600,1600.0
855,855.0
6800,6800.0
1800,1800.0
1200,1200.0
1600,1600.0
6700,6700.0
706,706.0
1900,1900.0
4000,4000.0
13900,13900.0
1800,1800.0
3000,3000.0
2300,2300.0
4100,4100.0
1400,1400.0
1300,1300.0
3400,3400.0
980,980.0
905,905.0
49,48.89
993,993.0
2500,2500.0
1600,1600.0
2200,2200.0
1400,1400.0
1100,1100.0
863,863.0
611,610.95
1200,1200.0
1800,1800.0
883,883.0
2200,2200.0
1200,1200.0
205,204.03
600,600.03
787,787.0
2200,2200.0
1700,1700.0
1000,1000.0
4100,4100.0
1400,1400.0
1400,1400.0
661,660.99
6500,6500.0
3300,3300.0
818,818.0
1200,1200.0
955,955.0
2200,2200.0
830,830.0
6000,6000.0
518,518.01
2600,2600.0
4500,4500.0
6400,6400.0
470,468.89
3500,3500.0
1600,1600.0
2500,2500.0
1200,1200.0
6000,6000.0
568,567.91
1400,1400.0
1400,1400.0
1100,1100.0
755,755.0
3400,3400.0
1900,1900.0
4600,4600.0
803,803.01
1300,1300.0
1700,1700.0
12000,12001.0
8500,8500.0
662,662.0
1100,1100.0
651,651.03
1700,1700.0
595,594.97
1100,1100.0
658,658.0
3500,3500.0
373,372.44
1100,1100.0
741,741.0
1200,1200.0
1900,1900.0
19800,19793.0
2400,2400.0
725,725.0
5500,5500.0
699,699.0
1700,1700.0
1100,1100.0
1200,1200.0
839,839.0
1400,1400.0
2000,2000.0
2200,2200.0
1400,1400.0
3000,3000.0
1700,1700.0
1200,1200.0
3300,3300.0
741,741.0
878,878.0
1600,1600.0
4600,4600.0
1300,1300.0
1300,1300.0
731,731.0
1600,1600.0
2200,2200.0
1200,1200.0
2100,2100.0
1100,1100.0
5400,5400.0
756,756.0
1500,1500.0
646,646.05
845,845.0
1500,1500.0
2100,2100.0
1600,1600.0
1900,1900.0
618,617.99
770,769.99
12700,12697.0
2100,2100.0
2200,2200.0
783,783.0
2500,2500.0
1700,1700.0
920,920.0
816,816.0
1200,1200.0
1100,1100.0
1200,1200.0
1900,1900.0
1200,1200.0
927,927.0
597,597.0
1500,1500.0
611,610.88
1800,1800.0
3500,3500.0
4800,4800.0
9000,9000.0
1700,1700.0
860,860.0
882,882.0
992,992.0
1200,1200.0
2900,2900.0
1800,1800.0
1100,1100.0
20300,20274.0
840,840.0
3800,3800.0
1100,1100.0
1900,1900.0
11500,11500.0
1100,1100.0
10300,10300.0
3100,3100.0
1700,1700.0
967,967.0
819,819.0
783,783.0
717,717.0
1100,1100.0
2900,2900.0
2400,2400.0
5900,5900.0
1500,1500.0
399,398.58
848,848.04
826,826.0
9200,9200.0
10100,10100.0
735,735.0
1700,1700.0
592,592.07
1200,1200.0
2500,2500.0
7300,7300.0
841,841.0
583,583.0
916,916.0
1400,1400.0
937,937.0
1200,1200.0
950,950.0
3900,3900.0
1200,1200.0
1100,1100.0
914,914.0
2700,2700.0
8000,8000.0
1700,1700.0
657,657.0
1200,1200.0
1100,1100.0
5200,5200.0
9300,9300.0
436,436.05
850,850.0
645,645.01
2300,2300.0
1400,1400.0
1700,1700.0
2000,2000.0
1400,1400.0
867,867.0
1200,1200.0
2500,2500.0
1100,1100.0
1100,1100.0
2400,2400.0
1300,1300.0
589,589.0
937,937.0
4300,4300.0
4300,4300.0
584,584.02
1100,1100.0
1000,1000.0
1200,1200.0
1200,1200.0
7100,7100.0
1100,1100.0
827,827.0
1200,1200.0
536,535.95
4800,4800.0
778,778.0
2000,2000.0
706,706.0
438,438.12
218,217.16
1800,1800.0
2300,2300.0
34500,34716.0
1800,1800.0
1700,1700.0
710,710.0
822,822.0
8600,8600.0
2200,2200.0
1400,1400.0
1200,1200.0
1300,1300.0
532,532.0
1700,1700.0
2100,2100.0
3000,3000.0
3300,3300.0
10800,10800.0
1500,1500.0
2100,2100.0
4600,4600.0
1100,1100.0
3100,3100.0
9100,9100.0
3000,3000.0
4200,4200.0
1100,1100.0
6600,6600.0
2700,2700.0
5100,5100.0
855,855.0
510,510.01
791,791.0
1000,1000.0
1400,1400.0
4200,4200.0
2800,2800.0
6300,6300.0
2200,2200.0
2800,2800.0
3300,3300.0
2800,2800.0
7900,7900.0
737,737.0
1800,1800.0
2000,2000.0
2500,2500.0
4900,4900.0
17500,17490.0
1300,1300.0
681,681.0
762,761.99
604,603.93
24800,24774.0
590,590.0
635,635.0
958,958.0
731,731.0
2100,2100.0
829,829.0
1600,1600.0
1200,1200.0
2500,2500.0
32700,32651.92
20300,20260.0
782,782.0
1100,1100.0
2500,2500.0
3000,3000.0
827,827.0
1900,1900.0
572,572.01
631,630.99
752,752.0
1900,1900.0
6800,6800.0
2400,2400.0
1100,1100.0
3300,3300.0
3000,3000.0
1300,1300.0
751,751.0
922,922.0
3500,3500.0
2100,2100.0
720,720.0
11800,11800.0
609,609.09
688,688.0
1300,1300.0
2300,2300.0
612,612.0
3300,3300.0
2900,2900.0
2000,2000.0
3100,3100.0
584,584.02
1200,1200.0
1300,1300.0
3400,3400.0
2200,2200.0
1400,1400.0
837,837.0
922,922.0
932,932.0
971,971.0
1700,1700.0
2600,2600.0
967,967.0
1800,1800.0
2200,2200.0
1200,1200.0
1700,1700.0
6500,6500.0
1300,1300.0
4200,4200.0
1600,1600.0
11100,11100.0
13700,13702.0
935,935.0
1100,1100.0
3000,3000.0
1400,1400.0
14300,14297.0
13200,13196.0
1000,1000.0
1500,1500.0
3500,3500.0
3800,3800.0
1600,1600.0
3100,3100.0
1100,1100.0
565,564.98
993,993.0
3900,3900.0
668,668.0
1400,1400.0
709,709.0
5300,5300.0
857,857.0
523,523.14
3800,3800.0
862,862.0
2900,2900.0
1100,1100.0
833,833.0
5500,5500.0
2700,2700.0
1000,1000.0
912,912.0
10200,10200.0
750,750.0
823,823.0
628,627.9
772,772.01
1200,1200.0
836,836.0
2100,2100.0
1600,1600.0
2000,2000.0
602,602.03
794,794.0
906,906.0
1400,1400.0
920,920.0
1600,1600.0
2200,2200.0
963,963.0
1200,1200.0
983,983.0
1,19.23
750,750.0
829,829.0
1300,1300.0
1200,1200.0
1100,1100.0
1100,1100.0
1600,1600.0
957,957.0
2600,2600.0
3800,3800.0
861,861.0
98000,97152.0
1500,1500.0
1200,1200.0
11400,11400.0
634,633.99
8600,8600.0
5100,5100.0
1800,1800.0
874,874.0
719,719.0
1000,1000.0
1400,1400.0
5600,5600.0
766,766.0
2700,2700.0
1200,1200.0
5200,5200.0
2100,2100.0
296,295.22
1200,1200.0
1800,1800.0
9400,9400.0
5300,5300.0
1200,1200.0
1500,1500.0
1600,1600.0
2500,2500.0
1300,1300.0
1200,1200.0
949,949.0
1100,1100.0
727,727.0
3600,3600.0
781,781.0
4700,4700.0
930,930.0
1400,1400.0
8500,8500.0
957,957.0
1800,1800.0
1100,1100.0
7900,7900.0
37000,36919.0
4000,4000.0
1600,1600.0
29900,29885.0
2500,2500.0
600,600.06
810,810.0
917,917.0
1100,1100.0
4200,4200.0
35900,35721.0
1500,1500.0
1400,1400.0
3400,3400.0
651,651.0
2000,2000.0
839,839.0
5000,5000.0
2300,2300.0
1400,1400.0
1300,1300.0
442,441.32
802,802.0
27700,27696.0
1300,1300.0
1400,1400.0
926,926.0
1000,1000.0
2800,2800.0
1400,1400.0
558,557.98
22100,22105.0
840,839.99
1900,1900.0
963,963.0
1300,1300.0
20900,20901.0
730,730.0
1500,1500.0
34300,34232.0
1400,1400.0
2300,2300.0
2100,2100.0
1500,1500.0
726,726.0
1300,1300.0
4000,4000.0
1900,1900.0
2100,2100.0
978,978.0
2100,2100.0
1300,1300.0
2800,2800.0
608,608.01
3600,3600.0
1700,1700.0
2600,2600.0
1100,1100.0
1600,1600.0
2400,2400.0
895,895.0
1700,1700.0
1700,1700.0
4300,4300.0
66,65.38
554,554.03
635,635.0
1500,1500.0
1100,1100.0
3000,3000.0
997,997.0
12100,12096.0
1600,1600.0
2400,2400.0
1500,1500.0
784,784.0
720,720.0
5700,5700.0
1700,1700.0
802,802.0
770,769.99
2600,2600.0
2400,2400.0
1700,1700.0
4400,4400.0
782,782.0
899,899.0
6000,6000.0
1400,1400.0
7900,7900.0
2000,2000.0
3600,3600.0
1000,1000.0
5700,5700.0
2200,2200.0
4200,4200.0
3400,3400.0
1100,1100.0
1100,1100.0
1200,1200.0
1100,1100.0
1900,1900.0
949,949.0
12100,12097.0
1400,1400.0
894,894.0
613,613.0
3700,3700.0
482,482.22
10400,10400.0
841,841.0
3500,3500.0
15300,15310.0
1200,1200.0
672,672.0
1000,1000.0
993,993.0
24100,24097.0
29000,29025.0
2900,2900.0
1200,1200.0
1300,1300.0
1500,1500.0
1200,1200.0
952,952.0
1000,1000.0
1100,1100.0
805,805.0
992,992.0
524,523.94
2400,2400.0
832,832.0
1600,1600.0
3800,3800.0
1600,1600.0
2400,2400.0
832,832.0
5200,5200.0
118700,112940.0
1100,1100.0
1400,1400.0
1700,1700.0
1400,1400.0
1500,1500.0
966,966.0
13000,13001.0
797,797.0
375,374.85
1400,1400.0
3500,3500.0
5000,5000.0
2700,2700.0
718,718.0
728,728.0
567,567.09
602,602.01
12900,12900.0
590,590.0
1800,1800.0
709,709.0
1400,1400.0
1200,1200.0
1200,1200.0
896,896.0
1100,1100.0
7200,7200.0
943,943.0
1100,1100.0
2300,2300.0
1200,1200.0
2200,2200.0
1000,1000.0
1400,1400.0
831,830.99
1400,1400.0
815,815.0
1200,1200.0
1300,1300.0
1200,1200.0
3600,3600.0
5900,5900.0
2200,2200.0
2100,2100.0
2500,2500.0
1300,1300.0
15000,15003.0
688,688.0
900,900.0
836,836.0
4000,4000.0
1700,1700.0
1500,1500.0
955,955.0
1300,1300.0
452,452.04
4200,4200.0
1200,1200.0
1200,1200.0
1000,1000.0
1000,1000.0
1400,1400.0
2500,2500.0
13800,13798.0
1300,1300.0
1800,1800.0
1000,1000.0
3100,3100.0
932,932.0
1500,1500.0
2200,2200.0
8000,8000.0
1900,1900.0
7000,7000.0
1400,1400.0
475,475.05
965,965.0
2200,2200.0
7600,7600.0
3600,3600.0
1200,1200.0
501,500.96
2600,2600.0
1100,1100.0
759,759.0
48000,48004.0
2700,2700.0
637,636.99
1800,1800.0
2000,2000.0
1500,1500.0
931,931.0
1100,1100.0
2400,2400.0
1300,1300.0
1300,1300.0
2600,2600.0
2400,2400.0
767,767.0
2500,2500.0
6300,6300.0
851,851.0
1100,1100.0
1500,1500.0
1600,1600.0
5100,5100.0
1300,1300.0
1500,1500.0
1100,1100.0
486,485.93
1100,1100.0
1500,1500.0
162,164.03
1200,1200.0
1700,1700.0
635,634.99
1500,1500.0
1100,1100.0
5300,5300.0
1400,1400.0
1800,1800.0
924,924.0
1900,1900.0
5500,5500.0
4200,4200.0
2100,2100.0
6900,6900.0
1600,1600.0
864,864.0
5600,5600.0
1700,1700.0
1400,1400.0
959,959.0
944,943.99
869,869.0
8500,8500.0
745,745.0
910,910.0
71800,71321.0
1200,1200.0
1000,1000.0
1700,1700.0
1900,1900.0
605,604.99
6100,6100.0
3300,3300.0
6700,6700.0
2100,2100.0
628,627.95
1100,1100.0
1700,1700.0
6100,6100.0
15800,15822.0
1300,1300.0
1400,1400.0
1100,1100.0
4400,4400.0
617,617.04
2400,2400.0
724,724.0
1200,1200.0
8800,8800.0
975,975.0
1100,1100.0
1100,1100.0
786,786.0
1100,1100.0
1300,1300.0
763,763.0
4200,4200.0
840,839.99
1200,1200.0
19200,19208.0
1200,1200.0
41900,42009.0
3800,3800.0
2400,2400.0
1000,1000.0
2500,2500.0
931,931.0
1600,1600.0
6300,6300.0
1100,1100.0
1300,1300.0
1400,1400.0
2000,2000.0
1100,1100.0
2800,2800.0
411,410.78
20900,20902.0
480,480.06
1200,1200.0
2400,2400.0
3300,3300.0
3100,3100.0
1500,1500.0
3900,3900.0
1400,1400.0
1700,1700.0
3200,3200.0
1300,1300.0
779,779.0
1100,1100.0
983,983.0
786,786.0
845,845.0
690,690.0
2000,2000.0
1100,1100.0
492,492.02
2000,2000.0
1200,1200.0
873,873.0
1700,1700.0
1400,1400.0
826,826.0
1400,1400.0
2800,2800.0
937,937.0
3200,3200.0
915,915.0
3100,3100.0
4400,4400.0
1600,1600.0
1700,1700.0
2700,2700.0
2900,2900.0
1100,1100.0
1100,1100.0
1400,1400.0
1100,1100.0
923,923.0
2200,2200.0
756,756.0
548,547.99
913,913.0
1300,1300.0
3100,3100.0
4700,4700.0
1300,1300.0
972,972.0
762,762.0
1500,1500.0
1200,1200.0
1100,1100.0
2700,2700.0
1000,1000.0
724,724.0
559,558.99
2500,2500.0
1200,1200.0
1400,1400.0
1000,1000.0
547,546.96
731,731.0
1300,1300.0
1600,1600.0
9200,9200.0
946,946.0
11100,11100.0
1400,1400.0
928,928.0
866,866.0
2100,2100.0
2000,2000.0
4400,4400.0
1700,1700.0
7000,7000.0
5000,5000.0
3300,3300.0
848,848.06
1100,1100.0
1500,1500.0
1300,1300.0
2800,2800.0
1100,1100.0
2200,2200.0
823,823.0
850,850.0
5800,5800.0
1000,1000.0
960,960.0
2000,2000.0
1500,1500.0
1400,1400.0
15000,15001.0
1400,1400.0
1100,1100.0
1900,1900.0
1300,1300.0
817,817.0
702,701.99
12800,12800.0
2200,2200.0
1400,1400.0
5500,5500.0
1600,1600.0
1300,1300.0
3800,3800.0
900,900.0
919,919.0
1700,1700.0
2600,2600.0
1500,1500.0
8000,8000.0
1900,1900.0
1300,1300.0
914,914.0
1100,1100.0
3300,3300.0
636,636.03
777,777.0
890,890.0
1500,1500.0
2400,2400.0
1000,1000.0
1200,1200.0
1000,1000.0
797,797.0
4700,4700.0
3000,3000.0
619,619.01
1200,1200.0
1300,1300.0
1200,1200.0
5100,5100.0
5500,5500.0
1100,1100.0
2900,2900.0
3000,3000.0
683,683.04
680,680.0
1700,1700.0
866,866.0
709,709.0
1300,1300.0
21900,21894.0
1600,1600.0
1100,1100.0
1300,1300.0
1800,1800.0
740,740.0
1300,1300.0
4000,4000.0
1500,1500.0
1900,1900.0
2400,2400.0
1700,1700.0
2700,2700.0
1200,1200.0
666,665.99
36200,36192.0
712,712.0
1000,1000.0
2800,2800.0
3700,3700.0
1200,1200.0
1800,1800.0
2700,2700.0
1800,1800.0
3100,3100.0
9100,9100.0
1000,1000.0
1200,1200.0
884,884.0
725,725.0
1300,1300.0
1700,1700.0
3800,3800.0
3500,3500.0
536,536.0
805,805.0
415,415.17
780,780.0
8900,8900.0
913,913.0
1300,1300.0
521,520.95
10200,10200.0
1200,1200.0
1200,1200.0
936,936.0
1400,1400.0
3200,3200.0
3800,3800.0
10500,10500.0
593,593.0
1000,1000.0
1200,1200.0
732,732.0
806,806.0
488,488.19
3300,3300.0
519,519.07
2200,2200.0
4200,4200.0
1500,1500.0
2100,2100.0
448,448.1
1400,1400.0
3500,3500.0
1500,1500.0
837,837.0
6100,6100.0
1200,1200.0
997,997.0
858,858.0
1300,1300.0
1600,1600.0
1700,1700.0
705,705.0
600,599.98
4700,4700.0
1100,1100.0
25100,25029.0
727,727.0
1400,1400.0
6600,6600.0
1200,1200.0
1200,1200.0
1000,1000.0
1800,1800.0
1500,1500.0
726,726.0
1200,1200.0
775,775.0
1100,1100.0
2200,2200.0
605,605.01
2500,2500.0
7600,7600.0
776,776.0
9500,9500.0
861,861.0
9200,9200.0
1600,1600.0
3900,3900.0
1800,1800.0
1400,1400.0
919,919.0
1600,1600.0
2500,2500.0
3800,3800.0
3100,3100.0
1000,1000.0
895,895.0
785,785.0
6900,6900.0
448,448.1
621,621.0
2900,2900.0
3100,3100.0
412,412.2
1400,1400.0
517,516.96
7700,7700.0
21300,21335.0
3100,3100.0
915,915.0
1300,1300.0
1000,1000.0
1600,1600.0
1800,1800.0
900,900.0
1300,1300.0
7100,7100.0
146,143.13
1600,1600.0
831,830.99
1900,1900.0
1300,1300.0
625,624.99
1000,1000.0
1700,1700.0
981,981.0
755,755.0
943,943.01
701,701.0
429,429.24
4000,4000.0
1400,1400.0
2200,2200.0
1300,1300.0
1300,1300.0
910,910.0
850,850.0
1400,1400.0
1000,1000.0
4600,4600.0
9500,9500.0
5000,5000.0
772,772.0
2200,2200.0
1100,1100.0
948,948.0
2100,2100.0
1500,1500.0
938,938.0
1600,1600.0
11800,11800.0
1500,1500.0
8200,8200.0
1100,1100.0
9100,9100.0
803,803.0
1500,1500.0
662,662.02
4700,4700.0
1400,1400.0
5000,5000.0
3700,3700.0
7600,7600.0
3900,3900.0
1600,1600.0
787,787.0
3100,3100.0
643,642.99
1400,1400.0
1100,1100.0
1900,1900.0
1100,1100.0
10400,10400.0
3200,3200.0
94800,94732.0
3800,3800.0
860,860.0
1200,1200.0
3900,3900.0
542,541.91
12000,12004.0
1700,1700.0
1400,1400.0
1800,1800.0
1300,1300.0
732,732.0
3400,3400.0
2000,2000.0
592,592.06
2900,2900.0
1300,1300.0
7800,7800.0
3900,3900.0
811,811.0
740,740.0
1200,1200.0
787,787.0
5800,5800.0
644,643.99
1100,1100.0
4100,4100.0
1200,1200.0
1000,1000.0
7400,7400.0
3700,3700.0
2500,2500.0
2300,2300.0
1400,1400.0
1100,1100.0
1400,1400.0
20800,20792.0
7500,7500.0
2700,2700.0
29300,29329.0
20600,20595.0
6000,6000.0
972,972.0
815,815.0
2200,2200.0
1100,1100.0
668,668.01
2800,2800.0
2300,2300.0
1000,1000.0
1900,1900.0
2400,2400.0
59100,58606.0
935,935.0
741,741.0
2000,2000.0
1200,1200.0
1100,1100.0
3500,3500.0
624,624.09
2600,2600.0
1300,1300.0
1200,1200.0
1000,1000.0
3800,3800.0
1800,1800.0
2600,2600.0
703,703.0
833,833.0
1900,1900.0
1100,1100.0
812,812.0
914,914.0
1900,1900.0
524,523.93
2900,2900.0
8800,8800.0
590,590.0
866,866.0
2700,2700.0
1200,1200.0
1100,1100.0
672,672.0
1200,1200.0
21400,21377.0
611,610.94
1300,1300.0
15700,15706.0
24800,24775.0
2600,2600.0
35700,35667.0
1200,1200.0
7400,7400.0
666,665.99
1100,1100.0
16600,16601.0
4100,4100.0
496,495.69
1500,1500.0
393,393.3
454,454.09
1700,1700.0
1400,1400.0
2400,2400.0
18400,18410.0
863,863.0
1200,1200.0
888,888.0
637,636.99
532,532.0
797,797.0
1700,1700.0
4200,4200.0
628,627.92
1100,1100.0
54100,54291.0
1500,1500.0
534,534.04
1700,1700.0
1000,1000.0
122800,125055.0
1000,1000.0
2200,2200.0
3200,3200.0
2200,2200.0
3800,3800.0
9400,9400.0
601,600.9
724,724.0
4400,4400.0
981,981.01
1400,1400.0
2800,2800.0
2000,2000.0
1100,1100.0
2500,2500.0
561,560.97
931,931.0
957,957.0
3400,3400.0
1200,1200.0
1100,1100.0
570,570.02
822,822.0
1200,1200.0
964,964.0
567,567.03
4800,4800.0
1300,1300.0
894,894.0
719,719.0
746,746.03
710,710.0
26800,26780.0
2000,2000.0
800,800.0
1800,1800.0
1100,1100.0
3000,3000.0
1200,1200.0
553,552.93
696,695.99
892,892.0
1200,1200.0
1300,1300.0
2400,2400.0
759,759.0
1200,1200.0
1200,1200.0
6700,6700.0
3800,3800.0
1200,1200.0
1500,1500.0
963,963.0
5800,5800.0
758,758.0
1900,1900.0
1900,1900.0
998,998.0
8100,8100.0
1300,1300.0
888,888.0
2500,2500.0
2000,2000.0
2500,2500.0
2700,2700.0
809,809.0
1400,1400.0
1000,1000.0
1200,1200.0
981,981.01
2900,2900.0
2000,2000.0
264,263.28
2400,2400.0
1100,1100.0
626,625.99
1400,1400.0
3000,3000.0
2500,2500.0
2000,2000.0
3200,3200.0
5600,5600.0
579,579.01
847,847.0
963,963.0
1300,1300.0
814,814.0
3800,3800.0
2000,2000.0
1400,1400.0
991,991.0
723,723.0
1200,1200.0
883,883.0
1100,1100.0
1600,1600.0
21400,21379.0
1800,1800.0
1700,1700.0
1800,1800.0
7800,7800.0
1700,1700.0
1400,1400.0
1200,1200.0
910,910.0
609,609.18
1100,1100.0
738,738.0
1700,1700.0
1800,1800.0
962,962.0
1700,1700.0
1500,1500.0
2600,2600.0
6400,6400.0
1100,1100.0
928,928.0
14300,14293.0
821,821.0
946,946.0
878,878.0
697,697.0
1200,1200.0
2100,2100.0
1200,1200.0
906,906.0
1800,1800.0
1400,1400.0
707,707.0
1900,1900.0
643,643.0
3100,3100.0
8400,8400.0
1600,1600.0
1200,1200.0
716,716.0
750,750.0
4500,4500.0
1000,1000.0
1100,1100.0
1400,1400.0
3900,3900.0
7600,7600.0
603,603.01
5100,5100.0
3300,3300.0
1600,1600.0
3200,3200.0
5900,5900.0
882,882.0
3700,3700.0
4100,4100.0
11700,11700.0
485,485.1
7800,7800.0
4800,4800.0
936,936.0
3200,3200.0
3800,3800.0
1500,1500.0
2900,2900.0
2900,2900.0
925,925.0
1600,1600.0
1100,1100.0
1400,1400.0
1700,1700.0
769,769.01
3700,3700.0
3900,3900.0
526,525.99
2100,2100.0
2600,2600.0
3900,3900.0
2200,2200.0
14700,14699.0
1100,1100.0
1100,1100.0
3900,3900.0
1800,1800.0
1100,1100.0
1200,1200.0
39000,38972.0
1600,1600.0
5300,5300.0
1200,1200.0
1200,1200.0
1200,1200.0
1300,1300.0
805,805.0
2900,2900.0
1100,1100.0
1900,1900.0
723,723.0
1100,1100.0
8300,8300.0
1100,1100.0
1100,1100.0
3500,3500.0
1200,1200.0
1500,1500.0
689,689.0
4800,4800.0
1000,1000.0
3200,3200.0
15500,15489.0
823,823.0
4600,4600.0
1800,1800.0
666,666.0
2900,2900.0
495,495.1
3000,3000.0
6200,6200.0
13000,13001.0
763,763.0
17500,17485.0
1200,1200.0
1400,1400.0
2500,2500.0
13700,13700.0
929,929.0
655,655.0
630,630.01
848,848.06
870,870.0
553,552.92
1100,1100.0
763,763.0
645,645.01
1100,1100.0
1300,1300.0
3300,3300.0
5700,5700.0
4000,4000.0
581,581.0
3600,3600.0
2200,2200.0
752,752.0
910,910.0
705,705.0
3100,3100.0
827,827.0
2400,2400.0
1900,1900.0
773,773.0
1700,1700.0
678,678.0
1300,1300.0
1300,1300.0
1000,1000.0
1100,1100.0
373,372.57
1700,1700.0
876,876.0
258,258.57
5400,5400.0
1500,1500.0
947,947.01
1600,1600.0
820,820.0
1100,1100.0
1100,1100.0
574,574.04
1800,1800.0
1400,1400.0
1500,1500.0
734,734.0
3000,3000.0
731,731.0
938,938.0
3100,3100.0
6100,6100.0
2600,2600.0
1200,1200.0
2100,2100.0
1300,1300.0
721,721.0
501,500.92
876,876.0
4900,4900.0
19900,19867.0
1600,1600.0
8000,8000.0
813,813.0
683,683.0
908,908.0
3000,3000.0
1200,1200.0
1200,1200.0
1300,1300.0
17000,16996.0
545,544.96
2000,2000.0
2900,2900.0
1000,1000.0
913,913.0
3000,3000.0
733,733.0
7600,7600.0
1000,1000.0
799,799.0
1800,1800.0
639,639.0
7100,7100.0
1400,1400.0
741,741.0
991,991.0
1100,1100.0
915,915.0
1000,1000.0
1200,1200.0
2000,2000.0
3500,3500.0
7400,7400.0
1300,1300.0
1700,1700.0
4200,4200.0
807,807.0
41700,41609.0
14100,14107.0
2900,2900.0
1200,1200.0
1100,1100.0
561,560.91
616,616.03
771,771.0
940,940.0
1000,1000.0
1200,1200.0
926,926.0
1400,1400.0
2800,2800.0
731,731.0
1200,1200.0
2000,2000.0
701,701.0
5200,5200.0
1000,1000.0
2100,2100.0
9100,9100.0
882,882.0
3500,3500.0
1200,1200.0
2300,2300.0
1600,1600.0
16100,16095.0
594,594.04
3400,3400.0
1800,1800.0
1500,1500.0
1400,1400.0
4600,4600.0
746,746.03
844,844.0
12000,12004.0
835,835.0
1600,1600.0
14300,14291.0
2700,2700.0
896,896.0
1300,1300.0
2500,2500.0
594,594.05
1700,1700.0
9200,9200.0
1100,1100.0
6600,6600.0
2500,2500.0
714,714.0
1100,1100.0
1300,1300.0
744,744.0
436,435.93
1000,1000.0
1100,1100.0
975,975.0
5100,5100.0
1300,1300.0
830,830.0
5200,5200.0
1100,1100.0
2800,2800.0
974,974.0
4000,4000.0
6100,6100.0
1100,1100.0
1300,1300.0
913,913.0
3700,3700.0
606,606.0
1600,1600.0
1900,1900.0
1600,1600.0
4600,4600.0
960,960.0
1400,1400.0
1800,1800.0
6000,6000.0
3900,3900.0
2000,2000.0
1000,1000.0
1700,1700.0
1100,1100.0
1400,1400.0
5300,5300.0
1100,1100.0
1400,1400.0
2100,2100.0
1200,1200.0
1200,1200.0
18800,18801.0
679,679.03
2700,2700.0
722,722.0
1200,1200.0
771,771.0
2400,2400.0
2700,2700.0
1200,1200.0
695,695.02
5800,5800.0
1100,1100.0
1100,1100.0
645,645.0
1900,1900.0
3800,3800.0
8200,8200.0
1900,1900.0
780,780.0
1100,1100.0
8200,8200.0
255,256.96
2700,2700.0
3800,3800.0
1100,1100.0
811,811.0
603,603.04
1200,1200.0
1200,1200.0
1300,1300.0
566,566.0
1500,1500.0
761,761.0
1100,1100.0
3300,3300.0
1300,1300.0
2700,2700.0
779,779.0
1300,1300.0
1500,1500.0
1200,1200.0
1200,1200.0
2700,2700.0
1800,1800.0
8800,8800.0
823,823.0
936,936.0
1200,1200.0
2700,2700.0
3400,3400.0
3500,3500.0
23100,23101.0
1200,1200.0
6200,6200.0
1100,1100.0
1000,1000.0
6100,6100.0
1400,1400.0
2500,2500.0
5400,5400.0
1300,1300.0
4700,4700.0
1600,1600.0
4100,4100.0
14800,14798.0
715,715.0
1200,1200.0
1300,1300.0
2700,2700.0
1800,1800.0
917,917.0
666,665.99
1600,1600.0
2300,2300.0
7400,7400.0
1300,1300.0
1000,1000.0
842,842.0
1800,1800.0
2700,2700.0
7200,7200.0
8800,8800.0
1500,1500.0
1300,1300.0
1200,1200.0
1400,1400.0
1500,1500.0
1200,1200.0
556,556.06
1900,1900.0
1500,1500.0
3400,3400.0
680,680.0
1500,1500.0
1100,1100.0
1300,1300.0
9600,9600.0
1500,1500.0
1800,1800.0
1200,1200.0
1400,1400.0
3000,3000.0
4000,4000.0
83,82.14
1800,1800.0
1500,1500.0
1400,1400.0
2800,2800.0
1500,1500.0
505,504.81
1700,1700.0
901,901.0
804,803.99
4700,4700.0
1300,1300.0
6700,6700.0
2100,2100.0
4100,4100.0
1400,1400.0
1300,1300.0
1500,1500.0
792,792.0
2700,2700.0
725,725.0
1400,1400.0
1500,1500.0
1300,1300.0
1700,1700.0
1300,1300.0
8100,8100.0
1700,1700.0
548,548.0
1100,1100.0
2700,2700.0
6800,6800.0
1100,1100.0
2700,2700.0
758,757.99
1700,1700.0
950,950.0
1000,1000.0
720,720.0
768,768.0
3600,3600.0
3400,3400.0
1100,1100.0
2100,2100.0
5500,5500.0
1000,1000.0
519,519.09
1600,1600.0
964,964.0
35400,35419.0
759,759.0
1200,1200.0
3700,3700.0
1100,1100.0
7800,7800.0
1600,1600.0
728,728.0
1500,1500.0
816,816.0
2200,2200.0
1200,1200.0
1600,1600.0
1400,1400.0
1600,1600.0
1300,1300.0
1800,1800.0
1400,1400.0
4800,4800.0
32500,32457.91
22300,22300.0
21000,21020.0
7100,7100.0
13100,13110.0
4000,4000.0
1200,1200.0
1300,1300.0
2400,2400.0
3600,3600.0
1400,1400.0
2600,2600.0
9100,9100.0
889,889.0
1900,1900.0
1200,1200.0
530,529.99
4000,4000.0
2200,2200.0
2000,2000.0
1400,1400.0
1200,1200.0
1100,1100.0
5500,5500.0
755,755.0
696,695.99
775,775.0
1700,1700.0
8000,8000.0
1600,1600.0
811,811.0
919,919.0
3500,3500.0
1300,1300.0
831,831.0
2000,2000.0
2500,2500.0
4100,4100.0
3600,3600.0
1200,1200.0
799,799.0
6300,6300.0
1600,1600.0
536,535.95
764,764.0
749,749.0
6200,6200.0
1800,1800.0
1200,1200.0
1800,1800.0
4200,4200.0
1500,1500.0
399,398.63
1200,1200.0
1300,1300.0
1500,1500.0
1400,1400.0
2000,2000.0
610,610.03
5200,5200.0
1000,1000.0
1600,1600.0
976,976.0
1000,1000.0
579,579.0
1300,1300.0
969,969.0
812,812.0
698,698.0
5500,5500.0
1100,1100.0
8100,8100.0
1000,1000.0
4100,4100.0
881,881.0
1900,1900.0
617,617.01
2600,2600.0
2600,2600.0
580,579.99
1400,1400.0
1900,1900.0
1300,1300.0
977,977.0
1100,1100.0
462,462.01
925,925.0
883,883.0
710,710.0
1100,1100.0
2300,2300.0
4100,4100.0
1000,1000.0
2700,2700.0
1200,1200.0
3700,3700.0
3700,3700.0
4500,4500.0
435,434.97
6900,6900.0
829,829.0
1100,1100.0
4400,4400.0
1400,1400.0
872,872.0
2900,2900.0
866,866.0
1100,1100.0
836,836.0
448,448.12
1300,1300.0
1500,1500.0
1800,1800.0
755,755.0
221,220.82
1400,1400.0
4700,4700.0
1000,1000.0
1900,1900.0
1600,1600.0
1400,1400.0
750,750.0
791,791.0
1200,1200.0
1000,1000.0
889,889.0
1500,1500.0
924,924.0
751,751.0
2000,2000.0
2300,2300.0
2900,2900.0
1000,1000.0
828,828.0
2000,2000.0
9100,9100.0
2100,2100.0
1100,1100.0
1500,1500.0
935,935.0
1600,1600.0
5600,5600.0
470,468.9
1100,1100.0
1200,1200.0
3400,3400.0
95300,94925.0
400,400.13
3100,3100.0
2800,2800.0
1000,1000.0
3400,3400.0
3400,3400.0
916,916.0
3400,3400.0
1200,1200.0
1500,1500.0
2000,2000.0
792,792.0
1000,1000.0
1000,1000.0
910,910.0
2100,2100.0
807,807.0
1700,1700.0
1600,1600.0
240,241.13
1200,1200.0
2700,2700.0
741,741.0
6400,6400.0
592,592.1
386,386.38
1100,1100.0
1500,1500.0
995,995.0
88500,87833.0
357,357.15
2600,2600.0
16800,16800.0
1600,1600.0
2600,2600.0
1900,1900.0
1300,1300.0
15800,15823.0
1400,1400.0
4800,4800.0
585,584.99
1300,1300.0
2000,2000.0
7100,7100.0
1100,1100.0
556,556.06
959,959.0
4900,4900.0
852,852.0
3600,3600.0
1100,1100.0
807,807.0
1000,1000.0
1900,1900.0
731,731.0
1700,1700.0
1400,1400.0
1100,1100.0
653,653.0
838,838.0
1100,1100.0
885,885.0
622,622.01
2600,2600.0
880,880.0
1300,1300.0
787,787.0
5300,5300.0
5900,5900.0
2500,2500.0
1400,1400.0
1700,1700.0
711,711.0
803,803.01
1200,1200.0
1300,1300.0
6000,6000.0
1200,1200.0
755,755.0
1200,1200.0
776,776.0
1700,1700.0
4900,4900.0
802,802.0
1100,1100.0
6700,6700.0
972,972.0
7000,7000.0
3600,3600.0
1300,1300.0
3600,3600.0
2800,2800.0
767,767.0
668,668.0
3000,3000.0
1500,1500.0
1600,1600.0
428,427.5
2900,2900.0
10800,10800.0
1100,1100.0
2400,2400.0
1700,1700.0
455,454.89
1200,1200.0
958,958.0
536,535.95
2800,2800.0
1000,1000.0
990,990.0
1100,1100.0
1400,1400.0
999,998.99
1300,1300.0
739,739.0
2600,2600.0
402,401.43
2400,2400.0
615,614.99
848,848.02
15000,15001.0
510,509.99
826,826.0
1100,1100.0
15500,15494.0
1400,1400.0
610,609.98
2300,2300.0
16400,16407.0
3500,3500.0
475,475.09
1500,1500.0
1600,1600.0
4300,4300.0
3500,3500.0
859,859.0
2100,2100.0
602,602.07
2100,2100.0
34100,33756.99
1100,1100.0
1900,1900.0
3000,3000.0
1500,1500.0
452,452.05
6100,6100.0
2900,2900.0
17400,17403.0
2600,2600.0
1100,1100.0
1800,1800.0
29400,29383.0
930,930.0
516,515.91
2900,2900.0
964,964.0
2700,2700.0
933,933.0
790,790.0
129,129.39
1400,1400.0
1400,1400.0
1900,1900.0
1300,1300.0
5800,5800.0
666,665.99
22800,22797.0
3700,3700.0
1600,1600.0
22500,22537.0
1100,1100.0
2100,2100.0
690,690.0
6000,6000.0
984,984.0
2800,2800.0
1800,1800.0
3400,3400.0
543,542.97
2400,2400.0
1200,1200.0
713,713.0
3600,3600.0
3000,3000.0
604,603.99
1200,1200.0
1000,1000.0
5600,5600.0
2400,2400.0
740,740.0
1200,1200.0
1900,1900.0
619,618.99
6400,6400.0
384,383.69
3200,3200.0
1100,1100.0
968,968.0
1500,1500.0
2600,2600.0
13400,13399.0
800,800.0
1800,1800.0
2200,2200.0
831,831.0
940,940.0
886,886.0
583,583.0
1400,1400.0
3800,3800.0
1600,1600.0
1500,1500.0
1200,1200.0
1300,1300.0
6300,6300.0
957,957.0
11000,11000.0
3200,3200.0
1100,1100.0
3600,3600.0
716,716.0
4200,4200.0
934,934.0
1100,1100.0
1000,1000.0
942,942.0
1800,1800.0
937,937.0
956,956.0
1300,1300.0
1200,1200.0
2600,2600.0
1900,1900.0
1200,1200.0
554,554.0
18500,18500.0
1000,1000.0
4500,4500.0
1300,1300.0
1500,1500.0
628,627.91
731,731.0
676,676.0
1600,1600.0
884,884.0
3000,3000.0
16200,16196.0
895,895.0
10300,10300.0
1100,1100.0
869,869.0
1200,1200.0
1200,1200.0
838,838.0
1400,1400.0
2300,2300.0
1500,1500.0
4300,4300.0
637,636.97
899,899.0
673,673.01
474,474.0
4300,4300.0
1300,1300.0
2400,2400.0
1300,1300.0
592,592.08
1700,1700.0
949,949.0
1700,1700.0
401,400.74
1200,1200.0
1200,1200.0
731,731.0
1700,1700.0
1500,1500.0
3400,3400.0
2000,2000.0
738,738.0
3100,3100.0
1200,1200.0
1100,1100.0
477,476.79
523,523.17
738,738.0
1100,1100.0
828,828.0
892,892.0
531,530.96
1100,1100.0
1400,1400.0
838,838.0
1100,1100.0
1300,1300.0
1400,1400.0
865,865.0
1300,1300.0
1400,1400.0
1100,1100.0
640,640.0
966,966.0
896,896.0
1600,1600.0
2700,2700.0
877,877.0
6100,6100.0
409,409.07
1000,1000.0
2000,2000.0
2100,2100.0
1400,1400.0
1700,1700.0
2200,2200.0
572,572.0
1900,1900.0
760,760.0
1400,1400.0
2600,2600.0
1600,1600.0
5200,5200.0
842,842.0
1000,1000.0
2800,2800.0
3700,3700.0
1600,1600.0
997,997.0
1400,1400.0
923,923.0
1300,1300.0
601,600.98
574,574.03
1600,1600.0
1100,1100.0
2800,2800.0
2000,2000.0
1200,1200.0
1400,1400.0
640,640.0
11700,11700.0
1100,1100.0
407,407.29
748,748.0
2500,2500.0
869,869.0
899,899.0
522,522.02
1000,1000.0
1500,1500.0
1500,1500.0
1400,1400.0
696,695.99
1200,1200.0
649,648.99
1500,1500.0
293,292.83
1400,1400.0
691,691.0
2300,2300.0
15700,15703.0
898,898.0
1200,1200.0
752,752.0
4300,4300.0
5600,5600.0
1400,1400.0
820,820.0
779,779.0
2500,2500.0
839,839.0
4100,4100.0
2600,2600.0
5900,5900.0
6400,6400.0
902,902.0
1300,1300.0
595,594.97
4700,4700.0
834,834.0
729,729.0
847,847.0
1100,1100.0
6500,6500.0
141,140.84
1100,1100.0
1300,1300.0
1500,1500.0
1300,1300.0
1500,1500.0
2800,2800.0
1200,1200.0
183,182.59
6100,6100.0
1300,1300.0
2400,2400.0
787,787.0
3100,3100.0
11100,11100.0
5400,5400.0
402,401.62
1000,1000.0
1000,1000.0
1300,1300.0
1400,1400.0
881,881.0
1500,1500.0
869,869.0
1100,1100.0
721,721.0
1600,1600.0
625,624.95
4400,4400.0
834,834.0
1600,1600.0
538,538.01
1800,1800.0
640,640.0
603,602.96
706,706.0
3000,3000.0
726,726.0
1500,1500.0
2300,2300.0
739,739.0
2900,2900.0
1500,1500.0
10100,10100.0
863,863.0
1300,1300.0
1200,1200.0
1500,1500.0
725,725.0
5000,5000.0
1900,1900.0
1600,1600.0
2400,2400.0
1200,1200.0
1700,1700.0
1100,1100.0
17900,17907.0
542,541.98
6300,6300.0
3100,3100.0
2400,2400.0
1500,1500.0
7200,7200.0
1400,1400.0
1700,1700.0
794,794.0
2000,2000.0
2200,2200.0
2200,2200.0
1300,1300.0
877,877.0
1200,1200.0
4900,4900.0
1400,1400.0
3100,3100.0
1000,1000.0
1300,1300.0
3700,3700.0
4100,4100.0
775,775.0
667,667.01
827,827.0
981,981.0
2400,2400.0
6300,6300.0
1800,1800.0
4400,4400.0
1000,1000.0
1900,1900.0
1200,1200.0
5200,5200.0
2000,2000.0
2300,2300.0
2800,2800.0
1200,1200.0
9700,9700.0
1200,1200.0
5800,5800.0
1700,1700.0
2200,2200.0
870,870.0
11900,11900.0
1200,1200.0
1000,1000.0
2600,2600.0
1000,1000.0
1500,1500.0
619,618.97
1000,1000.0
3200,3200.0
4900,4900.0
837,837.0
1100,1100.0
1500,1500.0
1000,1000.0
3400,3400.0
1700,1700.0
3900,3900.0
4900,4900.0
1500,1500.0
4300,4300.0
1300,1300.0
1100,1100.0
1200,1200.0
762,761.99
1000,1000.0
2200,2200.0
920,920.0
2700,2700.0
557,557.0
1100,1100.0
432,432.12
3700,3700.0
810,810.0
843,843.0
863,863.0
3700,3700.0
1300,1300.0
1400,1400.0
7000,7000.0
1300,1300.0
954,954.0
1700,1700.0
790,790.0
696,695.98
10600,10600.0
2200,2200.0
923,923.0
3900,3900.0
2500,2500.0
1400,1400.0
854,854.0
563,563.06
3400,3400.0
741,741.0
808,808.0
11300,11300.0
2800,2800.0
1100,1100.0
990,990.0
1100,1100.0
1800,1800.0
683,683.04
1600,1600.0
602,602.04
1500,1500.0
901,901.0
2200,2200.0
1100,1100.0
891,891.0
4800,4800.0
1900,1900.0
5300,5300.0
3300,3300.0
5800,5800.0
2100,2100.0
2600,2600.0
5000,5000.0
3300,3300.0
2900,2900.0
852,852.0
4600,4600.0
853,853.0
3600,3600.0
961,961.0
1800,1800.0
1600,1600.0
1600,1600.0
795,795.0
1800,1800.0
1100,1100.0
1100,1100.0
4200,4200.0
1100,1100.0
1100,1100.0
12900,12900.0
985,985.0
956,956.0
1800,1800.0
3400,3400.0
1400,1400.0
2300,2300.0
841,841.0
3100,3100.0
5700,5700.0
798,798.0
1500,1500.0
2000,2000.0
2000,2000.0
4400,4400.0
2200,2200.0
4500,4500.0
5000,5000.0
1600,1600.0
1100,1100.0
1500,1500.0
1700,1700.0
8000,8000.0
1100,1100.0
2300,2300.0
5300,5300.0
1400,1400.0
1900,1900.0
1200,1200.0
1000,1000.0
887,887.0
17600,17600.0
3600,3600.0
342,340.67
1600,1600.0
2000,2000.0
8800,8800.0
2400,2400.0
25200,25230.0
53800,53993.0
4300,4300.0
488,488.1
1400,1400.0
1300,1300.0
1700,1700.0
4500,4500.0
998,998.0
2400,2400.0
884,884.0
880,880.0
11100,11100.0
365,366.33
747,746.99
1300,1300.0
1800,1800.0
1300,1300.0
932,932.0
1100,1100.0
30000,29957.0
2300,2300.0
2400,2400.0
1700,1700.0
1100,1100.0
11900,11900.0
1700,1700.0
13100,13106.0
1200,1200.0
1400,1400.0
700,700.0
1800,1800.0
1600,1600.0
725,725.0
105400,107751.0
2800,2800.0
1700,1700.0
30000,29948.0
698,698.0
1800,1800.0
8800,8800.0
12700,12698.0
1300,1300.0
1200,1200.0
1200,1200.0
783,783.0
1600,1600.0
7300,7300.0
6500,6500.0
1900,1900.0
74100,80285.0
981,981.0
1100,1100.0
2700,2700.0
969,969.0
1100,1100.0
4300,4300.0
1000,1000.0
6500,6500.0
1600,1600.0
961,961.0
1300,1300.0
586,585.97
1000,1000.0
939,939.0
808,808.0
1700,1700.0
1700,1700.0
1600,1600.0
1500,1500.0
5200,5200.0
949,949.0
591,591.06
1100,1100.0
986,986.0
1300,1300.0
816,816.0
641,641.0
1400,1400.0
21900,21884.0
24400,24409.0
1400,1400.0
2000,2000.0
761,761.0
16000,16017.0
1500,1500.0
1800,1800.0
6500,6500.0
1100,1100.0
2100,2100.0
846,846.0
8700,8700.0
444,444.03
944,944.0
1600,1600.0
1900,1900.0
832,832.0
674,674.0
871,871.0
1300,1300.0
1400,1400.0
2100,2100.0
622,622.01
7700,7700.0
3400,3400.0
1500,1500.0
868,868.0
1000,1000.0
972,972.0
1100,1100.0
681,681.0
2400,2400.0
461,460.95
1000,1000.0
1100,1100.0
4500,4500.0
13100,13106.0
1000,1000.0
202,201.58
1300,1300.0
561,560.98
4100,4100.0
2400,2400.0
1300,1300.0
1500,1500.0
2200,2200.0
753,753.0
37500,37341.0
23200,23191.0
606,606.0
6500,6500.0
1500,1500.0
954,954.0
1900,1900.0
424,423.75
1200,1200.0
1600,1600.0
710,710.0
8700,8700.0
3100,3100.0
979,979.0
3300,3300.0
1400,1400.0
716,716.0
4700,4700.0
925,925.0
1500,1500.0
1400,1400.0
824,824.0
1000,1000.0
804,803.99
755,755.0
937,937.0
790,790.0
2700,2700.0
1000,1000.0
968,968.0
2300,2300.0
1200,1200.0
2100,2100.0
1600,1600.0
591,591.03
1300,1300.0
1500,1500.0
4300,4300.0
717,717.0
1500,1500.0
896,896.0
636,636.02
3200,3200.0
647,647.11
2100,2100.0
747,746.98
2200,2200.0
2300,2300.0
2400,2400.0
1300,1300.0
1800,1800.0
1200,1200.0
2000,2000.0
5800,5800.0
2700,2700.0
1700,1700.0
1400,1400.0
984,984.0
2900,2900.0
1600,1600.0
1300,1300.0
2600,2600.0
1500,1500.0
2000,2000.0
462,461.95
772,772.01
1000,1000.0
5600,5600.0
684,684.0
901,901.0
775,775.0
1000,1000.0
653,653.0
862,862.0
6300,6300.0
823,823.0
4600,4600.0
1100,1100.0
785,785.0
870,870.0
861,861.0
6300,6300.0
739,739.0
1200,1200.0
1200,1200.0
2700,2700.0
774,774.0
1100,1100.0
2100,2100.0
5300,5300.0
6800,6800.0
1600,1600.0
1300,1300.0
1100,1100.0
1200,1200.0
553,552.96
15000,15003.0
4600,4600.0
464,463.93
1200,1200.0
2700,2700.0
2300,2300.0
1500,1500.0
1400,1400.0
4400,4400.0
840,840.0
879,879.0
4000,4000.0
1800,1800.0
724,724.0
1000,1000.0
2400,2400.0
1000,1000.0
3100,3100.0
1900,1900.0
1400,1400.0
1300,1300.0
1600,1600.0
1400,1400.0
1500,1500.0
2400,2400.0
1100,1100.0
1600,1600.0
1100,1100.0
870,870.0
812,812.0
1100,1100.0
1200,1200.0
377,376.82
46800,46656.0
12200,12200.0
844,844.0
1100,1100.0
2400,2400.0
1300,1300.0
1300,1300.0
1300,1300.0
4600,4600.0
795,795.0
2300,2300.0
1200,1200.0
964,964.0
2000,2000.0
629,629.01
459,458.98
1600,1600.0
2800,2800.0
1800,1800.0
661,661.0
3200,3200.0
2000,2000.0
627,627.01
547,546.97
2000,2000.0
1800,1800.0
266,265.78
5200,5200.0
1500,1500.0
788,788.0
1000,1000.0
578,578.01
657,657.0
1000,1000.0
837,837.0
5600,5600.0
914,914.0
2400,2400.0
2000,2000.0
1700,1700.0
1800,1800.0
1100,1100.0
874,874.0
900,900.0
2400,2400.0
4100,4100.0
9800,9800.0
4000,4000.0
758,758.0
2200,2200.0
653,653.0
2000,2000.0
1900,1900.0
885,885.0
12100,12096.0
2000,2000.0
970,970.0
1200,1200.0
1500,1500.0
1800,1800.0
1400,1400.0
923,923.0
2600,2600.0
1800,1800.0
48800,48758.0
2100,2100.0
1000,1000.0
2700,2700.0
9300,9300.0
1400,1400.0
664,664.0
6300,6300.0
1200,1200.0
955,955.0
859,859.0
776,776.0
1900,1900.0
933,933.0
1400,1400.0
1400,1400.0
719,719.0
584,584.11
13500,13503.0
2000,2000.0
128,128.14
1100,1100.0
1000,1000.0
2000,2000.0
33000,33216.0
887,887.0
803,803.0
1300,1300.0
942,942.0
1300,1300.0
2900,2900.0
825,825.0
831,830.99
95100,94870.0
1000,1000.0
1400,1400.0
612,612.01
727,727.0
2000,2000.0
1200,1200.0
533,532.99
2200,2200.0
3800,3800.0
3700,3700.0
450,450.15
1500,1500.0
956,956.0
6700,6700.0
5200,5200.0
655,655.0
712,712.0
2400,2400.0
2200,2200.0
752,752.0
2500,2500.0
711,711.0
1300,1300.0
751,751.0
1400,1400.0
1300,1300.0
37500,37377.0
2800,2800.0
1300,1300.0
2900,2900.0
2600,2600.0
4800,4800.0
1000,1000.0
1000,1000.0
9900,9900.0
4300,4300.0
13900,13900.0
1900,1900.0
1600,1600.0
1700,1700.0
12300,12300.0
713,713.0
9200,9200.0
19900,19871.0
3900,3900.0
3500,3500.0
964,964.0
3000,3000.0
1200,1200.0
11500,11501.0
713,713.0
1300,1300.0
1600,1600.0
3500,3500.0
869,869.0
2600,2600.0
2700,2700.0
1800,1800.0
1600,1600.0
4800,4800.0
1400,1400.0
3400,3400.0
976,976.0
1100,1100.0
2100,2100.0
1100,1100.0
844,844.0
834,834.0
990,990.0
1500,1500.0
1600,1600.0
1200,1200.0
1600,1600.0
597,597.0
1600,1600.0
753,753.0
934,934.0
2600,2600.0
755,755.0
377,377.12
5300,5300.0
12000,12006.0
659,659.0
966,966.0
982,982.0
649,648.95
1200,1200.0
1100,1100.0
462,461.95
1500,1500.0
1100,1100.0
874,874.0
664,664.0
479,479.04
623,623.0
920,920.0
2800,2800.0
1700,1700.0
2000,2000.0
9100,9100.0
1900,1900.0
1300,1300.0
2600,2600.0
1400,1400.0
605,605.0
1500,1500.0
965,965.0
18800,18817.0
3300,3300.0
885,885.0
935,935.0
918,918.0
6600,6600.0
1800,1800.0
982,982.0
1100,1100.0
1000,1000.0
3600,3600.0
1200,1200.0
1100,1100.0
1600,1600.0
2800,2800.0
2200,2200.0
835,835.0
164,162.87
1900,1900.0
695,695.02
2300,2300.0
999,998.99
4800,4800.0
1700,1700.0
2400,2400.0
2500,2500.0
707,707.0
1100,1100.0
4300,4300.0
713,713.0
1000,1000.0
1200,1200.0
2500,2500.0
1100,1100.0
874,874.0
687,687.0
8300,8300.0
4200,4200.0
11500,11501.0
3500,3500.0
2300,2300.0
1000,1000.0
1100,1100.0
1700,1700.0
866,866.0
1100,1100.0
1300,1300.0
1800,1800.0
88,88.62
1800,1800.0
1700,1700.0
695,695.01
8900,8900.0
876,876.0
2400,2400.0
1300,1300.0
2000,2000.0
510,509.97
1100,1100.0
3800,3800.0
1800,1800.0
582,582.01
2600,2600.0
165,163.17
1600,1600.0
6000,6000.0
9100,9100.0
821,821.0
3200,3200.0
1600,1600.0
1200,1200.0
1200,1200.0
717,717.0
4700,4700.0
4200,4200.0
1600,1600.0
1900,1900.0
4500,4500.0
1100,1100.0
1400,1400.0
3000,3000.0
2500,2500.0
849,848.99
1100,1100.0
3800,3800.0
1200,1200.0
1600,1600.0
1100,1100.0
1200,1200.0
5500,5500.0
1200,1200.0
1100,1100.0
1500,1500.0
1200,1200.0
1500,1500.0
952,952.0
1100,1100.0
757,757.01
1500,1500.0
2400,2400.0
1900,1900.0
683,683.03
3600,3600.0
1900,1900.0
2500,2500.0
1500,1500.0
4900,4900.0
969,969.0
1000,1000.0
3200,3200.0
1700,1700.0
1100,1100.0
3700,3700.0
1100,1100.0
3300,3300.0
1900,1900.0
4200,4200.0
1100,1100.0
1100,1100.0
1400,1400.0
4200,4200.0
868,868.0
3900,3900.0
2000,2000.0
1700,1700.0
888,888.0
10400,10400.0
78,76.62
11400,11400.0
1400,1400.0
1100,1100.0
2400,2400.0
535,534.85
1000,1000.0
688,688.0
836,836.0
1400,1400.0
577,577.01
904,904.0
883,883.0
2800,2800.0
622,622.01
2500,2500.0
657,657.0
11100,11100.0
2100,2100.0
9500,9500.0
2200,2200.0
1100,1100.0
844,844.0
1500,1500.0
3800,3800.0
908,908.0
1400,1400.0
3600,3600.0
1900,1900.0
2400,2400.0
910,910.0
1100,1100.0
1500,1500.0
925,925.0
873,873.0
1200,1200.0
1200,1200.0
962,962.0
1900,1900.0
1500,1500.0
1200,1200.0
1000,1000.0
3400,3400.0
2900,2900.0
1300,1300.0
406,404.85
1300,1300.0
8600,8600.0
987,987.0
2900,2900.0
3400,3400.0
629,629.02
2400,2400.0
8500,8500.0
1700,1700.0
775,775.0
4500,4500.0
2600,2600.0
1400,1400.0
626,625.98
730,730.0
1300,1300.0
137,137.89
923,923.0
929,929.0
924,924.0
2500,2500.0
1700,1700.0
4200,4200.0
2600,2600.0
3600,3600.0
7600,7600.0
3100,3100.0
755,755.0
1500,1500.0
1800,1800.0
1300,1300.0
1300,1300.0
833,833.0
814,813.99
894,894.0
2500,2500.0
5500,5500.0
60,58.44
818,818.0
1300,1300.0
1100,1100.0
812,812.0
11000,11000.0
1200,1200.0
1400,1400.0
2700,2700.0
62900,63084.81
2200,2200.0
2800,2800.0
814,813.98
49000,48751.0
2000,2000.0
2000,2000.0
1200,1200.0
1800,1800.0
3300,3300.0
1000,1000.0
1500,1500.0
603,603.05
1400,1400.0
802,802.0
1200,1200.0
789,789.0
1600,1600.0
1700,1700.0
1600,1600.0
1600,1600.0
10300,10300.0
7100,7100.0
21700,21682.0
1200,1200.0
1900,1900.0
1100,1100.0
1100,1100.0
3900,3900.0
907,907.0
3800,3800.0
1100,1100.0
1300,1300.0
933,933.0
804,804.0
89,89.61
14800,14800.0
1200,1200.0
1700,1700.0
3800,3800.0
1000,1000.0
1900,1900.0
724,724.0
513,513.06
9300,9300.0
3100,3100.0
784,784.0
1700,1700.0
1100,1100.0
2100,2100.0
1500,1500.0
1200,1200.0
4400,4400.0
835,835.0
851,851.0
7700,7700.0
5300,5300.0
1400,1400.0
2000,2000.0
993,993.0
926,926.0
1300,1300.0
7600,7600.0
1200,1200.0
660,660.0
985,985.0
1600,1600.0
527,527.01
497,496.94
998,998.0
659,659.0
2800,2800.0
976,976.0
20400,20405.0
1100,1100.0
1300,1300.0
8300,8300.0
2600,2600.0
4000,4000.0
3000,3000.0
939,939.0
1200,1200.0
1000,1000.0
1400,1400.0
2200,2200.0
684,684.0
1700,1700.0
777,777.0
3000,3000.0
3500,3500.0
2200,2200.0
924,924.0
728,728.0
1200,1200.0
1100,1100.0
1400,1400.0
918,918.0
5900,5900.0
904,904.0
1100,1100.0
1400,1400.0
1100,1100.0
3300,3300.0
1700,1700.0
828,828.0
922,922.0
573,573.01
981,981.0
642,642.0
3100,3100.0
1000,1000.0
1000,1000.0
1900,1900.0
1500,1500.0
451,450.87
1500,1500.0
844,844.0
1800,1800.0
2400,2400.0
776,776.0
4100,4100.0
961,961.0
962,962.0
845,845.0
1100,1100.0
6300,6300.0
1400,1400.0
2000,2000.0
1500,1500.0
1200,1200.0
2000,2000.0
620,619.99
1600,1600.0
2400,2400.0
1200,1200.0
1300,1300.0
444,444.12
3100,3100.0
1800,1800.0
6200,6200.0
1500,1500.0
2700,2700.0
1100,1100.0
1400,1400.0
2000,2000.0
25700,25789.0
1600,1600.0
1100,1100.0
793,793.0
650,650.0
3100,3100.0
1600,1600.0
1100,1100.0
20400,20409.0
895,895.0
1300,1300.0
1300,1300.0
1700,1700.0
1500,1500.0
2500,2500.0
7700,7700.0
1200,1200.0
3100,3100.0
952,952.0
5300,5300.0
12900,12900.0
3500,3500.0
2400,2400.0
1900,1900.0
109,111.64
3500,3500.0
1600,1600.0
484,483.97
1700,1700.0
1600,1600.0
1500,1500.0
1600,1600.0
62000,62472.91
1100,1100.0
3600,3600.0
612,612.0
1300,1300.0
2300,2300.0
473,473.01
1800,1800.0
2900,2900.0
1200,1200.0
1500,1500.0
2600,2600.0
421,420.83
5200,5200.0
1200,1200.0
1800,1800.0
1800,1800.0
1100,1100.0
1600,1600.0
1600,1600.0
1300,1300.0
1300,1300.0
942,942.0
1000,1000.0
991,991.0
3600,3600.0
2600,2600.0
1400,1400.0
695,695.02
1900,1900.0
1000,1000.0
1000,1000.0
750,750.0
1800,1800.0
955,955.0
1600,1600.0
1400,1400.0
1200,1200.0
9100,9100.0
1300,1300.0
1000,1000.0
1900,1900.0
1300,1300.0
1600,1600.0
914,914.0
3500,3500.0
766,766.0
1100,1100.0
1400,1400.0
2200,2200.0
1200,1200.0
795,795.0
891,891.0
1500,1500.0
1200,1200.0
914,914.0
1200,1200.0
733,733.0
1600,1600.0
557,557.0
2500,2500.0
2400,2400.0
5500,5500.0
2500,2500.0
1700,1700.0
4200,4200.0
6300,6300.0
1000,1000.0
2600,2600.0
343,341.78
566,566.01
1800,1800.0
1700,1700.0
1100,1100.0
13300,13295.0
431,430.96
2400,2400.0
2100,2100.0
9100,9100.0
4100,4100.0
806,806.0
1700,1700.0
533,533.01
645,645.0
6500,6500.0
3900,3900.0
1300,1300.0
3600,3600.0
1300,1300.0
688,688.0
4000,4000.0
465,464.53
1500,1500.0
1900,1900.0
1300,1300.0
11100,11100.0
1200,1200.0
827,827.0
3300,3300.0
814,813.98
1500,1500.0
978,978.01
1300,1300.0
840,839.99
2100,2100.0
627,627.03
3300,3300.0
945,945.0
581,581.0
865,865.0
2600,2600.0
1400,1400.0
1300,1300.0
1200,1200.0
3000,3000.0
956,956.0
2100,2100.0
1400,1400.0
6500,6500.0
1100,1100.0
1700,1700.0
1200,1200.0
665,665.0
526,526.0
1600,1600.0
1700,1700.0
2400,2400.0
1100,1100.0
959,959.0
5200,5200.0
8500,8500.0
14800,14799.0
18200,18201.0
799,799.0
1500,1500.0
729,729.0
2200,2200.0
1400,1400.0
2400,2400.0
3300,3300.0
1100,1100.0
1200,1200.0
8100,8100.0
474,474.02
979,979.0
1200,1200.0
788,788.0
5400,5400.0
595,594.97
7900,7900.0
2700,2700.0
2100,2100.0
4000,4000.0
875,875.0
2300,2300.0
959,959.0
522,521.99
5000,5000.0
2400,2400.0
1200,1200.0
2700,2700.0
1400,1400.0
1600,1600.0
5100,5100.0
1300,1300.0
955,955.0
902,902.0
1600,1600.0
946,946.0
1800,1800.0
469,468.86
939,939.0
865,865.0
2900,2900.0
907,907.0
1700,1700.0
1000,1000.0
4800,4800.0
1200,1200.0
1800,1800.0
2100,2100.0
998,998.0
124,122.13
1200,1200.0
643,643.01
8300,8300.0
1800,1800.0
1700,1700.0
880,880.0
82,81.25
2300,2300.0
1900,1900.0
15400,15403.0
4900,4900.0
990,990.0
1400,1400.0
1600,1600.0
1500,1500.0
1100,1100.0
5200,5200.0
573,572.98
20000,20002.0
1900,1900.0
3300,3300.0
8400,8400.0
839,839.01
2900,2900.0
1000,1000.0
751,751.0
13500,13503.0
872,872.0
3500,3500.0
3300,3300.0
1500,1500.0
785,785.0
6200,6200.0
1400,1400.0
1600,1600.0
1500,1500.0
1700,1700.0
800,800.0
506,505.89
1800,1800.0
2000,2000.0
569,569.04
1000,1000.0
741,741.0
1200,1200.0
1700,1700.0
1000,1000.0
1100,1100.0
1100,1100.0
1400,1400.0
5400,5400.0
897,897.0
1300,1300.0
3300,3300.0
3400,3400.0
6900,6900.0
1200,1200.0
5300,5300.0
1800,1800.0
1800,1800.0
7800,7800.0
1200,1200.0
4400,4400.0
1100,1100.0
1300,1300.0
3700,3700.0
5900,5900.0
917,917.0
3000,3000.0
10900,10900.0
12600,12605.0
3500,3500.0
1200,1200.0
1800,1800.0
962,962.0
601,600.96
1500,1500.0
1200,1200.0
42000,41919.0
1800,1800.0
606,605.99
1100,1100.0
3700,3700.0
606,605.98
2000,2000.0
1700,1700.0
1100,1100.0
638,637.98
1100,1100.0
797,797.0
2500,2500.0
196,197.33
866,866.0
6600,6600.0
2400,2400.0
1600,1600.0
974,974.0
881,881.0
1400,1400.0
8300,8300.0
1400,1400.0
1100,1100.0
1300,1300.0
2000,2000.0
1500,1500.0
314,313.73
841,841.0
12700,12698.0
894,894.0
1100,1100.0
843,843.0
1200,1200.0
1900,1900.0
3100,3100.0
18800,18797.0
2200,2200.0
508,508.01
1900,1900.0
1000,1000.0
1900,1900.0
1100,1100.0
987,987.0
2800,2800.0
41800,41800.0
1700,1700.0
1100,1100.0
1900,1900.0
1000,1000.0
689,689.0
1100,1100.0
2000,2000.0
1900,1900.0
2000,2000.0
1100,1100.0
1300,1300.0
895,895.0
2900,2900.0
799,799.0
3900,3900.0
1100,1100.0
916,916.0
3600,3600.0
550,550.12
1900,1900.0
4700,4700.0
634,633.99
390,389.79
1100,1100.0
2100,2100.0
463,463.04
1500,1500.0
654,654.0
773,772.99
1900,1900.0
2200,2200.0
8200,8200.0
3800,3800.0
498,498.05
817,817.0
1800,1800.0
1100,1100.0
4200,4200.0
4500,4500.0
726,726.0
1100,1100.0
654,654.0
3200,3200.0
3100,3100.0
2500,2500.0
2400,2400.0
3500,3500.0
1100,1100.0
1100,1100.0
902,902.0
727,727.0
856,856.0
7900,7900.0
853,853.0
892,892.0
1500,1500.0
4100,4100.0
3700,3700.0
1000,1000.0
2200,2200.0
103,99.05
1100,1100.0
2600,2600.0
1200,1200.0
1500,1500.0
1000,1000.0
816,816.0
1600,1600.0
1600,1600.0
1300,1300.0
2500,2500.0
857,857.0
1200,1200.0
1800,1800.0
11200,11200.0
1100,1100.0
1000,1000.0
901,901.0
1200,1200.0
692,692.0
792,792.0
765,765.01
3100,3100.0
3100,3100.0
47800,47882.0
875,875.0
3000,3000.0
1200,1200.0
3500,3500.0
19600,19483.0
1700,1700.0
3100,3100.0
436,436.03
4000,4000.0
1400,1400.0
745,745.0
560,560.08
2600,2600.0
1500,1500.0
1800,1800.0
1000,1000.0
2000,2000.0
744,744.0
3000,3000.0
954,954.0
1400,1400.0
4000,4000.0
1100,1100.0
890,890.0
1100,1100.0
1100,1100.0
3200,3200.0
1400,1400.0
936,936.0
4500,4500.0
755,755.0
1400,1400.0
701,701.0
1200,1200.0
2800,2800.0
1800,1800.0
1500,1500.0
670,670.0
1900,1900.0
4300,4300.0
1300,1300.0
1100,1100.0
1400,1400.0
26600,26609.0
7100,7100.0
1200,1200.0
1400,1400.0
11800,11800.0
1800,1800.0
1200,1200.0
639,639.0
1100,1100.0
1100,1100.0
2900,2900.0
4800,4800.0
893,893.0
3800,3800.0
777,777.0
2200,2200.0
2300,2300.0
1700,1700.0
1100,1100.0
5200,5200.0
4500,4500.0
951,951.0
9100,9100.0
1600,1600.0
741,741.0
1800,1800.0
1200,1200.0
821,821.0
1400,1400.0
990,990.0
716,716.0
1800,1800.0
1800,1800.0
1300,1300.0
20700,20696.0
7400,7400.0
3300,3300.0
1800,1800.0
1700,1700.0
917,917.0
1100,1100.0
4200,4200.0
2100,2100.0
21600,21611.0
541,541.01
2400,2400.0
798,798.0
1300,1300.0
5500,5500.0
6300,6300.0
3400,3400.0
744,744.0
918,918.0
1400,1400.0
2400,2400.0
703,703.0
840,840.0
2100,2100.0
1900,1900.0
889,889.0
1500,1500.0
1400,1400.0
1200,1200.0
1200,1200.0
1600,1600.0
888,888.0
757,757.01
3200,3200.0
931,931.0
2200,2200.0
3000,3000.0
1000,1000.0
2000,2000.0
1600,1600.0
1100,1100.0
1500,1500.0
823,823.0
614,614.01
3200,3200.0
767,767.0
1200,1200.0
1700,1700.0
2900,2900.0
2600,2600.0
1800,1800.0
2400,2400.0
5200,5200.0
721,721.0
1700,1700.0
465,464.61
1200,1200.0
1200,1200.0
1600,1600.0
1100,1100.0
2000,2000.0
3400,3400.0
1100,1100.0
2500,2500.0
